-0.0165990000 0.0345730000 -0.0698930000
0.0214510000 -0.0443210000 0.0660570000
-0.0261550000 0.0439230000 0.0343840000
0.0215610000 -0.0438820000 -0.0298980000
0.0461760000 0.0146500000 0.0182040000
-0.0495670000 -0.0124700000 -0.0153180000
-0.0481830000 -0.0197390000 0.0645860000
0.0486540000 0.0060100000 -0.0731370000
-0.0300740000 -0.0406190000 -0.0734180000
0.0090180000 0.0493990000 -0.0159080000
-0.0145110000 -0.0476130000 0.0182850000
0.0246590000 0.0436090000 0.0656630000
0.0487710000 -0.0017560000 0.0658130000
-0.0018380000 0.0002650000 0.0644690000
0.0346710000 -0.0340810000 0.0183790000
-0.0376520000 0.0345300000 -0.0247960000
-0.0513320000 0.0016240000 -0.0619730000
0.0482520000 -0.0032490000 -0.0261120000
0.0037230000 -0.0078670000 -0.0695850000
-0.0510900000 0.0061180000 0.0273690000
0.0259590000 0.0421150000 -0.0573540000
-0.0227060000 -0.0447200000 -0.0290000000
-0.0457660000 0.0232200000 0.0658530000
0.0146900000 0.0479450000 0.0254160000
0.0111730000 -0.0487080000 -0.0724650000
-0.0186810000 -0.0476420000 0.0601540000
0.0395500000 -0.0280710000 -0.0590490000
0.0390520000 0.0292620000 -0.0143520000
-0.0105260000 0.0495500000 0.0659830000
-0.0418420000 -0.0281090000 0.0300620000
-0.0198820000 0.0470350000 0.0014360000
-0.0435830000 -0.0261340000 -0.0462470000
-0.0127350000 0.0488300000 -0.0404570000
0.0119200000 -0.0477710000 0.0005080000
0.0119680000 -0.0476120000 0.0355030000
0.0427390000 0.0237260000 0.0485040000
0.0406290000 -0.0263830000 0.0483850000
-0.0439990000 0.0266210000 0.0046000000
-0.0357960000 -0.0356820000 -0.0005000000
0.0438400000 0.0211150000 -0.0440250000
0.0394700000 -0.0281940000 -0.0110220000
-0.0421350000 0.0293490000 -0.0544570000
-0.0258680000 -0.0115040000 -0.0698360000
0.0210110000 0.0159750000 -0.0697990000
-0.0504230000 0.0099590000 -0.0333080000
-0.0105970000 -0.0490630000 -0.0543860000
0.0211790000 0.0157560000 0.0642760000
-0.0178900000 0.0227670000 0.0638510000
-0.0204440000 -0.0201340000 0.0638170000
0.0201560000 -0.0167220000 0.0641970000
