0.0296810000 -0.0385720000 0.0404580000
-0.0332670000 0.0397930000 -0.0730480000
-0.0340880000 0.0397060000 0.0646060000
0.0324430000 -0.0376070000 -0.0726340000
0.0264260000 0.0413050000 -0.0038170000
-0.0463140000 -0.0209810000 -0.0065310000
-0.0388920000 -0.0333150000 0.0655270000
0.0396520000 0.0284180000 0.0662080000
0.0371330000 0.0328090000 -0.0731430000
-0.0366210000 -0.0355850000 -0.0732180000
0.0454170000 -0.0166610000 -0.0157270000
-0.0342530000 0.0380960000 0.0038040000
-0.0004750000 -0.0495270000 -0.0267980000
-0.0009860000 0.0000170000 -0.0697600000
-0.0023530000 0.0008220000 0.0643610000
-0.0158540000 -0.0472790000 0.0226110000
-0.0512800000 0.0034580000 0.0358690000
0.0046860000 0.0501610000 0.0383520000
-0.0514020000 0.0030390000 -0.0481570000
0.0030970000 0.0505630000 -0.0445450000
0.0475430000 0.0091410000 0.0238870000
0.0483390000 -0.0032130000 -0.0550020000
-0.0009750000 -0.0500170000 0.0656600000
0.0478930000 -0.0117080000 0.0654100000
-0.0358220000 0.0365520000 -0.0346590000
0.0238830000 -0.0426180000 0.0024620000
-0.0026670000 -0.0496290000 -0.0643110000
0.0400030000 0.0280460000 -0.0362620000
-0.0341900000 -0.0371200000 -0.0368620000
0.0301350000 -0.0378330000 -0.0382440000
-0.0497290000 0.0127460000 -0.0136630000
-0.0062470000 0.0503980000 -0.0113940000
-0.0426730000 -0.0276170000 0.0272370000
-0.0346180000 0.0068830000 0.0637260000
0.0324600000 0.0372630000 0.0280020000
-0.0019850000 0.0321260000 -0.0704830000
0.0460240000 0.0152490000 -0.0074750000
0.0067580000 0.0315300000 0.0640600000
0.0432520000 -0.0216630000 0.0162140000
-0.0261550000 0.0439230000 0.0343840000
-0.0243830000 -0.0438630000 -0.0075610000
0.0158810000 -0.0241510000 0.0640690000
-0.0312160000 -0.0052980000 -0.0696980000
-0.0492870000 0.0162820000 -0.0731090000
0.0264030000 0.0069280000 -0.0697410000
0.0251640000 0.0040650000 0.0639510000
-0.0127200000 -0.0247040000 0.0642370000
-0.0120740000 -0.0248960000 -0.0696870000
-0.0481390000 0.0171900000 0.0129670000
-0.0084900000 0.0500530000 0.0151650000
0.0044790000 -0.0490130000 0.0392490000
-0.0227130000 -0.0447340000 0.0478840000
-0.0106840000 0.0505690000 0.0599070000
-0.0436930000 0.0271620000 0.0440870000
0.0475460000 0.0099360000 0.0500080000
-0.0461010000 -0.0217270000 -0.0537100000
-0.0007900000 -0.0494900000 0.0011700000
0.0482010000 0.0041370000 -0.0305770000
0.0133430000 -0.0211070000 -0.0697650000
-0.0496480000 -0.0120260000 0.0558970000
0.0462380000 -0.0142930000 0.0402470000
0.0258240000 0.0421890000 -0.0517820000
-0.0206750000 0.0464370000 -0.0519510000
0.0249640000 0.0429760000 0.0513740000
