-0.0470610000 -0.0198530000 0.0264350000
0.0430460000 0.0240600000 -0.0731650000
0.0456880000 0.0197790000 0.0653160000
-0.0402160000 -0.0320380000 -0.0730550000
0.0348890000 -0.0335990000 -0.0056980000
-0.0021460000 0.0503500000 -0.0022800000
0.0118430000 -0.0484360000 0.0654760000
-0.0299600000 0.0425080000 -0.0721550000
-0.0303510000 0.0411000000 0.0660140000
0.0268550000 -0.0414700000 -0.0723110000
-0.0509790000 0.0067210000 -0.0278810000
-0.0206860000 -0.0453800000 -0.0195730000
0.0441950000 0.0204040000 0.0088470000
-0.0018600000 0.0005650000 -0.0697290000
-0.0011260000 0.0002580000 0.0645020000
-0.0422810000 0.0292740000 0.0192480000
0.0123750000 0.0485740000 0.0445480000
0.0433460000 -0.0215770000 0.0403060000
0.0111590000 0.0488430000 -0.0483770000
0.0483810000 0.0012190000 -0.0334650000
-0.0105160000 -0.0486430000 0.0251100000
-0.0330070000 -0.0384480000 0.0658730000
-0.0518700000 0.0019410000 0.0651640000
-0.0518270000 0.0074770000 -0.0723050000
-0.0295480000 0.0417000000 -0.0314650000
-0.0083580000 -0.0493500000 -0.0566830000
0.0348970000 0.0343080000 -0.0244450000
0.0469910000 -0.0115110000 -0.0675740000
0.0212970000 -0.0438320000 -0.0370190000
-0.0456570000 -0.0226220000 -0.0089510000
0.0231160000 -0.0430660000 0.0245850000
-0.0162970000 0.0482310000 0.0279860000
-0.0456090000 -0.0225540000 -0.0419650000
0.0065780000 -0.0486080000 -0.0026340000
0.0236440000 0.0435460000 0.0155340000
0.0291820000 -0.0072060000 0.0639570000
0.0471350000 -0.0103830000 0.0115140000
-0.0014820000 0.0313520000 -0.0702190000
-0.0513550000 0.0040400000 0.0047410000
0.0477500000 0.0084320000 0.0373340000
0.0156950000 0.0254110000 0.0639470000
-0.0437120000 0.0268520000 -0.0517620000
-0.0507590000 0.0078310000 0.0365730000
-0.0428650000 0.0283240000 -0.0097880000
0.0416230000 -0.0250180000 -0.0427870000
-0.0070240000 -0.0274550000 0.0641060000
-0.0323050000 -0.0384790000 0.0101730000
-0.0260600000 0.0133270000 0.0638200000
0.0359900000 0.0335980000 0.0417260000
0.0233440000 0.0442720000 -0.0731820000
0.0360340000 -0.0343960000 0.0641330000
0.0028430000 -0.0269670000 -0.0697090000
-0.0283580000 -0.0071530000 -0.0697000000
-0.0048030000 0.0506790000 0.0657230000
0.0249070000 0.0041250000 -0.0697460000
-0.0323190000 -0.0387590000 0.0388250000
-0.0289490000 -0.0126900000 0.0636520000
0.0341100000 0.0353990000 -0.0504620000
-0.0267770000 0.0436260000 0.0041180000
-0.0151780000 0.0483630000 -0.0518210000
-0.0415600000 0.0301890000 0.0455770000
-0.0045200000 0.0504170000 -0.0278320000
-0.0234400000 0.0179800000 -0.0697390000
-0.0096530000 -0.0488390000 0.0505780000
-0.0288440000 -0.0413510000 -0.0436510000
0.0465580000 -0.0130640000 -0.0132830000
0.0204540000 0.0453300000 -0.0082470000
0.0457550000 0.0154430000 -0.0144580000
-0.0476510000 -0.0180070000 0.0503020000
-0.0026620000 -0.0495820000 -0.0339870000
0.0474220000 0.0091880000 -0.0556920000
-0.0513800000 -0.0002600000 -0.0501370000
-0.0077020000 0.0272910000 0.0641440000
0.0240880000 -0.0187730000 -0.0704080000
0.0155080000 -0.0251080000 0.0640780000
-0.0182360000 -0.0341910000 -0.0699790000
0.0234080000 -0.0427810000 0.0473320000
0.0062000000 -0.0493020000 -0.0732440000
0.0169640000 0.0472790000 0.0659560000
-0.0460170000 0.0230820000 0.0658280000
