0.0004740000 0.0504800000 0.0418620000
-0.0032840000 -0.0502180000 -0.0729360000
-0.0037680000 -0.0505870000 0.0644840000
0.0027840000 0.0512310000 -0.0609070000
-0.0497120000 -0.0104510000 -0.0046260000
0.0462410000 -0.0133890000 -0.0052010000
0.0480360000 0.0010630000 0.0660000000
-0.0511320000 0.0057650000 0.0658590000
-0.0510210000 0.0070200000 -0.0729990000
0.0487930000 0.0005800000 -0.0731870000
-0.0028340000 -0.0494930000 0.0023880000
-0.0262370000 0.0439040000 -0.0104700000
0.0293390000 0.0394100000 -0.0127060000
-0.0013480000 0.0004600000 -0.0697720000
-0.0017000000 -0.0000180000 0.0644830000
0.0335490000 -0.0351900000 0.0366780000
-0.0393450000 -0.0318880000 -0.0465970000
-0.0393550000 -0.0318830000 0.0372510000
0.0332360000 -0.0354810000 -0.0457260000
0.0395070000 0.0285630000 0.0305190000
