0.0485930000 0.0094840000 0.0600840000
-0.0516680000 -0.0038820000 -0.0733800000
-0.0493560000 -0.0125700000 0.0308020000
0.0483880000 0.0020570000 -0.0441210000
-0.0164970000 0.0483630000 -0.0170960000
-0.0085920000 -0.0490400000 -0.0255410000
-0.0174600000 0.0488910000 0.0648380000
0.0045970000 -0.0499780000 0.0654680000
0.0144100000 0.0478930000 -0.0733350000
0.0389470000 -0.0287820000 0.0107810000
0.0364240000 0.0328210000 0.0060950000
0.0246980000 -0.0427060000 -0.0730080000
-0.0508760000 0.0061740000 -0.0198230000
-0.0121830000 -0.0017430000 0.0640750000
-0.0011310000 0.0002840000 -0.0698050000
-0.0243750000 -0.0448430000 -0.0724000000
-0.0323780000 0.0395070000 -0.0623270000
-0.0164950000 -0.0471010000 0.0221360000
-0.0384770000 0.0340210000 0.0233540000
0.0231630000 0.0440440000 0.0476960000
0.0321790000 -0.0364620000 -0.0309710000
-0.0360230000 -0.0370870000 0.0633290000
-0.0487870000 0.0197920000 0.0630730000
0.0299910000 0.0393010000 -0.0351690000
0.0383290000 -0.0297220000 0.0523100000
-0.0414890000 -0.0285160000 -0.0391110000
-0.0033940000 0.0505850000 0.0195310000
-0.0406390000 -0.0300850000 -0.0015170000
0.0428780000 0.0242560000 -0.0731990000
0.0484060000 0.0014260000 -0.0076080000
0.0484800000 0.0000860000 0.0268460000
0.0115280000 -0.0478440000 0.0022790000
0.0458850000 -0.0158590000 -0.0731370000
0.0161200000 0.0155900000 0.0641500000
0.0164110000 -0.0461340000 0.0345070000
-0.0051290000 0.0504990000 -0.0471710000
-0.0394390000 0.0327100000 -0.0319550000
0.0140590000 0.0480100000 -0.0093650000
0.0004740000 -0.0495440000 -0.0548560000
-0.0512680000 -0.0106730000 0.0631020000
0.0119900000 -0.0203750000 0.0641750000
-0.0503730000 0.0100980000 0.0102160000
-0.0252460000 -0.0159250000 -0.0697120000
-0.0499860000 0.0119120000 -0.0489710000
-0.0068230000 0.0286370000 -0.0698280000
0.0411570000 0.0265300000 0.0343110000
-0.0287910000 0.0116710000 -0.0696570000
-0.0399160000 0.0316210000 -0.0042790000
0.0025530000 -0.0267430000 -0.0697550000
0.0260040000 0.0028800000 -0.0697530000
-0.0362990000 -0.0353290000 0.0365620000
-0.0159900000 -0.0473680000 0.0486590000
-0.0222630000 0.0227000000 0.0636280000
-0.0493610000 0.0144110000 0.0372540000
-0.0214850000 0.0462420000 0.0390560000
0.0443130000 0.0199190000 -0.0254410000
0.0370060000 0.0319790000 0.0660160000
-0.0124880000 -0.0274510000 0.0641900000
-0.0230950000 -0.0445440000 -0.0470200000
-0.0195190000 -0.0456200000 -0.0030420000
0.0430520000 -0.0222110000 -0.0489160000
0.0217380000 0.0447210000 0.0226560000
0.0048870000 0.0379100000 0.0638780000
0.0429940000 -0.0222070000 -0.0137320000
0.0332550000 -0.0088650000 0.0638050000
-0.0235190000 0.0454110000 0.0073200000
0.0166440000 0.0245840000 -0.0697990000
0.0420920000 0.0245920000 -0.0490830000
-0.0478230000 -0.0170190000 -0.0197430000
0.0010210000 0.0504490000 0.0441390000
0.0138580000 -0.0466350000 -0.0208930000
-0.0297030000 -0.0400640000 -0.0229470000
-0.0454910000 -0.0229670000 -0.0613230000
-0.0386820000 0.0337390000 0.0475670000
0.0216720000 -0.0438170000 -0.0497460000
0.0433530000 -0.0211790000 0.0319210000
0.0237860000 -0.0195030000 -0.0704440000
0.0254900000 -0.0418910000 0.0660330000
0.0284230000 0.0403090000 -0.0574100000
-0.0496250000 -0.0121140000 0.0082460000
-0.0148330000 0.0492380000 -0.0724890000
-0.0338920000 0.0031950000 0.0637650000
0.0099680000 0.0491650000 -0.0309680000
-0.0505120000 -0.0082190000 -0.0400790000
0.0297240000 -0.0386740000 -0.0078280000
-0.0458060000 0.0250280000 -0.0725270000
0.0466610000 0.0137900000 0.0101020000
0.0481980000 0.0048820000 -0.0659550000
-0.0250950000 0.0443590000 -0.0425300000
0.0319170000 0.0373930000 -0.0141190000
0.0477870000 -0.0075410000 0.0474800000
-0.0303200000 -0.0171740000 0.0638720000
-0.0337800000 -0.0373770000 0.0162160000
-0.0043380000 0.0505360000 -0.0006140000
0.0250350000 -0.0419040000 0.0166620000
0.0478210000 -0.0074270000 -0.0265260000
0.0473080000 -0.0102120000 0.0099740000
-0.0035760000 0.0162220000 0.0636610000
0.0031180000 -0.0492460000 0.0203090000
-0.0451210000 -0.0234200000 0.0495270000
-0.0339550000 0.0383900000 0.0658840000
0.0061970000 -0.0486150000 -0.0733040000
0.0071470000 -0.0016430000 0.0643410000
0.0323970000 -0.0362770000 0.0334980000
0.0368930000 -0.0315150000 -0.0643050000
0.0120010000 0.0485510000 -0.0548180000
-0.0511960000 -0.0025500000 0.0463090000
-0.0423620000 0.0289650000 -0.0498330000
0.0439280000 0.0207160000 -0.0068230000
0.0227770000 0.0437330000 0.0661460000
0.0063170000 -0.0485610000 -0.0374660000
-0.0197490000 -0.0448900000 0.0663200000
-0.0012290000 -0.0493980000 0.0382900000
0.0474620000 0.0100340000 0.0419200000
0.0112400000 0.0489590000 0.0086260000
-0.0345200000 -0.0370140000 -0.0591850000
-0.0029220000 -0.0495920000 -0.0085860000
-0.0149430000 -0.0301640000 -0.0704400000
0.0155090000 -0.0464280000 0.0522580000
-0.0457270000 0.0233990000 -0.0187030000
0.0427180000 0.0238390000 0.0518060000
-0.0319820000 0.0399620000 -0.0180800000
0.0319290000 0.0086820000 0.0641980000
-0.0509600000 0.0000990000 -0.0037580000
0.0426680000 -0.0229980000 -0.0315320000
-0.0447400000 -0.0242410000 0.0193310000
-0.0512070000 -0.0036860000 -0.0563600000
0.0439730000 -0.0216240000 0.0658070000
