0.0003500000 -0.0130950000 -0.0695380000
-0.0062350000 0.0503390000 0.0660310000
0.0036040000 -0.0489260000 0.0302070000
-0.0491820000 0.0143890000 -0.0021140000
0.0429070000 0.0228100000 -0.0014230000
-0.0495080000 -0.0129720000 0.0661470000
0.0481890000 -0.0038010000 0.0660110000
-0.0053360000 0.0504050000 -0.0427690000
-0.0289270000 -0.0405770000 -0.0222700000
0.0335310000 -0.0345950000 -0.0220780000
-0.0475630000 0.0214270000 -0.0726360000
0.0400820000 0.0292690000 -0.0725200000
-0.0095120000 0.0496960000 0.0116480000
-0.0014370000 0.0001360000 0.0645070000
-0.0428320000 0.0284830000 0.0436580000
-0.0403900000 -0.0304830000 0.0228620000
0.0330400000 0.0367130000 0.0430670000
0.0434210000 -0.0214650000 0.0224370000
-0.0450080000 -0.0256210000 -0.0718350000
0.0462260000 -0.0164960000 -0.0725460000
-0.0206290000 -0.0456050000 0.0661000000
0.0263630000 -0.0410360000 0.0660900000
0.0036590000 -0.0492190000 -0.0474330000
0.0478190000 0.0058970000 -0.0384120000
-0.0511600000 -0.0028210000 -0.0389410000
-0.0387800000 0.0335600000 -0.0341070000
0.0299170000 0.0392170000 -0.0333490000
-0.0095160000 0.0238710000 -0.0698010000
0.0033510000 -0.0491850000 -0.0070780000
-0.0185710000 -0.0468250000 -0.0732410000
0.0246410000 -0.0425170000 -0.0730970000
0.0128180000 0.0489880000 -0.0725100000
-0.0513870000 0.0003800000 0.0278220000
-0.0476260000 -0.0180880000 -0.0071640000
0.0472470000 0.0106650000 0.0288220000
0.0195770000 0.0454130000 -0.0028160000
0.0476150000 -0.0085800000 -0.0086970000
0.0247690000 0.0159410000 0.0641820000
-0.0205770000 0.0235570000 0.0637750000
-0.0275930000 -0.0010640000 -0.0697680000
-0.0324170000 0.0393770000 -0.0052130000
0.0062290000 0.0499390000 0.0387460000
0.0245810000 0.0039150000 -0.0698060000
0.0249210000 -0.0418700000 0.0113310000
-0.0189200000 -0.0461150000 0.0111810000
-0.0292590000 0.0423240000 -0.0598370000
0.0369710000 -0.0315390000 -0.0501920000
-0.0329740000 -0.0382710000 -0.0499140000
-0.0221170000 0.0459630000 0.0366140000
0.0017390000 -0.0280420000 0.0642010000
0.0290370000 -0.0390450000 0.0387450000
-0.0229360000 -0.0445780000 0.0386350000
0.0207820000 0.0446640000 0.0662340000
-0.0046140000 0.0505820000 -0.0152490000
-0.0491900000 0.0142130000 0.0657960000
-0.0227850000 -0.0166120000 0.0639910000
0.0226860000 -0.0115050000 0.0633230000
-0.0416880000 0.0300480000 0.0173460000
0.0326330000 0.0369140000 0.0175270000
-0.0404580000 -0.0304070000 0.0502770000
0.0437810000 -0.0206590000 0.0478230000
0.0480430000 0.0062360000 -0.0632330000
-0.0512880000 -0.0013130000 -0.0638620000
0.0034660000 0.0278970000 0.0639630000
0.0459200000 0.0162430000 0.0523070000
-0.0444290000 -0.0246560000 -0.0319990000
-0.0109930000 0.0496970000 -0.0732430000
0.0142940000 0.0253380000 -0.0697240000
0.0453080000 -0.0170070000 -0.0327630000
0.0070660000 -0.0486010000 0.0536820000
-0.0210170000 -0.0236170000 -0.0699290000
0.0414470000 0.0257620000 -0.0491510000
-0.0480210000 0.0182710000 -0.0492650000
0.0022660000 -0.0366360000 -0.0699050000
0.0228560000 -0.0194540000 -0.0702200000
-0.0083670000 -0.0490120000 -0.0275820000
0.0394490000 -0.0282320000 -0.0004460000
0.0149170000 -0.0467530000 -0.0267750000
0.0263780000 0.0418330000 -0.0558180000
0.0427630000 0.0230290000 -0.0240830000
-0.0492200000 0.0145720000 -0.0246590000
-0.0352130000 -0.0362690000 -0.0008950000
-0.0269340000 0.0446130000 0.0599390000
0.0115890000 0.0489270000 0.0175530000
-0.0223340000 0.0458710000 -0.0269380000
-0.0297660000 0.0039210000 0.0640420000
0.0384950000 0.0323950000 0.0643590000
0.0481100000 -0.0028210000 0.0119330000
-0.0512840000 -0.0000240000 0.0493830000
0.0112910000 0.0488340000 -0.0297160000
0.0035640000 0.0075390000 -0.0696860000
-0.0485930000 -0.0139850000 0.0132700000
-0.0472120000 -0.0193010000 -0.0515440000
0.0469240000 -0.0116440000 -0.0523710000
-0.0482830000 -0.0163860000 0.0383770000
-0.0157150000 -0.0477500000 -0.0524070000
-0.0162420000 -0.0472370000 -0.0086810000
0.0222140000 -0.0436390000 -0.0083220000
-0.0271290000 0.0433390000 0.0175660000
-0.0413080000 0.0321330000 0.0647950000
