-0.0197460000 -0.0456930000 0.0327430000
0.0163150000 0.0474580000 -0.0733560000
0.0165830000 0.0483460000 0.0646050000
-0.0216270000 -0.0462070000 -0.0720490000
0.0481020000 -0.0005430000 -0.0047680000
-0.0384090000 0.0334490000 -0.0044070000
0.0424910000 -0.0220670000 0.0662480000
-0.0496630000 0.0133400000 0.0658620000
0.0442100000 -0.0192170000 -0.0733630000
-0.0483680000 0.0191420000 -0.0729590000
0.0117470000 -0.0474420000 -0.0197410000
-0.0440860000 -0.0246940000 -0.0197970000
0.0169720000 0.0469030000 0.0065200000
-0.0020370000 -0.0000080000 -0.0697480000
-0.0013640000 0.0014040000 0.0643750000
0.0449830000 0.0186420000 0.0391430000
-0.0243910000 0.0448540000 0.0400870000
0.0274550000 -0.0403070000 0.0246940000
-0.0502860000 -0.0095110000 0.0245190000
0.0441910000 0.0202580000 -0.0466300000
-0.0214650000 0.0461300000 -0.0460270000
0.0081620000 -0.0487960000 0.0660020000
-0.0419040000 -0.0291170000 0.0659270000
0.0171230000 -0.0459330000 -0.0603180000
-0.0475640000 -0.0185990000 -0.0589840000
0.0172420000 0.0467800000 -0.0335790000
0.0413720000 -0.0254790000 -0.0344450000
-0.0501230000 0.0116160000 -0.0348100000
-0.0200810000 -0.0460020000 -0.0360370000
-0.0217570000 -0.0448620000 -0.0017340000
-0.0101470000 0.0497900000 -0.0141120000
0.0467380000 -0.0128490000 0.0268390000
0.0386380000 0.0298120000 -0.0146900000
-0.0459850000 0.0232760000 0.0266660000
-0.0507870000 0.0032900000 -0.0043910000
0.0372310000 -0.0305990000 -0.0036340000
0.0295990000 0.0069950000 0.0640870000
-0.0094760000 0.0302010000 -0.0698720000
0.0238600000 0.0171700000 -0.0699550000
-0.0095990000 0.0313020000 0.0640210000
0.0059960000 0.0500110000 0.0355820000
-0.0120380000 -0.0268230000 0.0641020000
0.0051410000 -0.0491870000 0.0086280000
-0.0131880000 0.0487650000 0.0142190000
0.0383750000 0.0298610000 0.0137320000
-0.0284730000 -0.0046000000 0.0640890000
0.0149590000 -0.0210930000 0.0640530000
-0.0364530000 0.0376540000 0.0641890000
-0.0013550000 -0.0277270000 -0.0697070000
-0.0296490000 -0.0008770000 -0.0697390000
-0.0382820000 -0.0329950000 0.0165000000
0.0385350000 0.0324930000 0.0626700000
0.0064190000 -0.0487600000 0.0392440000
0.0487120000 0.0071460000 -0.0721180000
0.0290310000 -0.0390680000 0.0508180000
-0.0505680000 -0.0077750000 0.0505860000
0.0483210000 -0.0004440000 -0.0307530000
0.0297620000 0.0396230000 0.0380010000
-0.0331830000 0.0401640000 -0.0724750000
-0.0384530000 0.0338150000 -0.0300510000
0.0199400000 -0.0128480000 -0.0697870000
0.0297140000 0.0393890000 -0.0540060000
0.0019320000 0.0509130000 -0.0529780000
-0.0388920000 -0.0324330000 0.0414700000
0.0482670000 -0.0036270000 0.0506410000
0.0132870000 0.0243730000 0.0638360000
-0.0387750000 -0.0323500000 -0.0416600000
0.0027200000 -0.0492660000 -0.0418560000
0.0476730000 0.0084920000 0.0169880000
0.0477700000 -0.0074200000 -0.0534320000
-0.0128580000 -0.0482830000 0.0550090000
-0.0415030000 0.0300690000 -0.0531860000
0.0358900000 -0.0327550000 -0.0561810000
0.0250010000 -0.0415800000 -0.0378280000
-0.0275530000 -0.0238260000 -0.0702960000
-0.0500690000 -0.0108720000 -0.0376500000
-0.0512240000 0.0036190000 -0.0566280000
-0.0476650000 -0.0180780000 0.0016600000
-0.0330270000 0.0392030000 0.0178780000
-0.0274260000 0.0175550000 0.0638630000
-0.0034620000 0.0504460000 0.0553020000
-0.0000560000 -0.0499670000 -0.0729230000
-0.0450420000 0.0248980000 0.0483000000
-0.0053610000 0.0507460000 -0.0730650000
0.0425250000 -0.0231900000 0.0450620000
0.0371160000 0.0331660000 -0.0728280000
0.0231350000 0.0438010000 -0.0135360000
-0.0090740000 -0.0488570000 -0.0185390000
-0.0276080000 0.0200080000 -0.0705350000
0.0349190000 0.0347360000 -0.0344180000
