0.0476590000 0.0091680000 0.0261430000
-0.0516680000 -0.0038820000 -0.0733800000
-0.0523700000 -0.0036160000 0.0649290000
0.0485650000 -0.0061210000 -0.0729540000
-0.0149230000 -0.0471130000 -0.0039100000
-0.0266210000 0.0432710000 -0.0042860000
0.0152510000 -0.0470760000 0.0658300000
-0.0005550000 0.0508020000 0.0657570000
0.0006260000 0.0507520000 -0.0728880000
-0.0026100000 -0.0502760000 -0.0722790000
0.0366600000 0.0325370000 -0.0284420000
0.0391280000 -0.0285520000 -0.0187910000
-0.0509470000 -0.0059800000 -0.0168840000
-0.0013480000 0.0004600000 -0.0697720000
-0.0018380000 0.0002650000 0.0644690000
0.0167890000 0.0471270000 0.0192330000
