-0.0144300000 -0.0158170000 -0.0694670000
0.0288720000 0.0402470000 0.0660850000
-0.0325760000 -0.0379110000 0.0317700000
0.0461170000 -0.0135890000 -0.0035680000
-0.0259550000 0.0436420000 -0.0041670000
0.0332610000 -0.0356000000 0.0660590000
-0.0441300000 0.0270380000 0.0657420000
0.0296620000 0.0393990000 -0.0511600000
-0.0277260000 0.0438490000 -0.0723540000
-0.0009200000 -0.0493100000 -0.0195340000
0.0466150000 -0.0154130000 -0.0721280000
-0.0497320000 -0.0106600000 -0.0202560000
0.0295090000 0.0394930000 0.0091760000
-0.0018380000 0.0002650000 0.0644690000
0.0483350000 0.0030600000 0.0413250000
-0.0108570000 0.0495480000 0.0406610000
-0.0500580000 0.0114430000 0.0217290000
0.0129820000 -0.0473870000 0.0257110000
-0.0508040000 0.0076130000 -0.0604740000
0.0162160000 -0.0463080000 -0.0603700000
-0.0486880000 -0.0162580000 0.0658530000
-0.0079830000 -0.0493470000 0.0659010000
0.0478190000 0.0058970000 -0.0384120000
-0.0320670000 -0.0389030000 -0.0422140000
-0.0067200000 0.0498460000 -0.0388960000
0.0020630000 0.0191950000 -0.0695230000
0.0383340000 -0.0301710000 -0.0356460000
-0.0395670000 0.0326440000 -0.0362020000
-0.0320350000 -0.0382270000 -0.0047960000
0.0452680000 0.0187070000 -0.0731200000
0.0402160000 -0.0272640000 0.0275510000
0.0268910000 -0.0403360000 -0.0033940000
-0.0464710000 -0.0226540000 -0.0727520000
-0.0146010000 -0.0485540000 -0.0725000000
0.0194980000 0.0453410000 -0.0208000000
0.0047600000 0.0507930000 -0.0723480000
0.0452420000 0.0177680000 -0.0086290000
-0.0471310000 0.0204890000 -0.0080120000
0.0162530000 -0.0087160000 -0.0695050000
-0.0014170000 0.0312930000 0.0640160000
0.0281450000 0.0087640000 0.0641780000
0.0007400000 0.0503980000 0.0116070000
-0.0475700000 -0.0176480000 0.0117400000
0.0375320000 0.0317150000 0.0380300000
-0.0349310000 0.0376450000 0.0256000000
-0.0199580000 -0.0226530000 0.0641240000
-0.0126140000 -0.0477620000 0.0134560000
0.0478550000 -0.0114860000 0.0655620000
-0.0245260000 0.0101990000 -0.0698020000
-0.0292390000 0.0038170000 0.0640830000
-0.0500560000 -0.0103860000 0.0382860000
0.0078930000 -0.0253070000 0.0642290000
-0.0243230000 0.0460950000 0.0647110000
-0.0069190000 -0.0492620000 -0.0458420000
0.0152860000 0.0476660000 0.0343760000
-0.0484290000 -0.0163890000 -0.0462420000
0.0458460000 0.0154550000 0.0179150000
-0.0100610000 -0.0487150000 0.0397630000
0.0147270000 -0.0466990000 0.0516900000
-0.0505540000 0.0097090000 -0.0352000000
0.0397290000 0.0283170000 -0.0307010000
0.0183450000 -0.0454630000 -0.0354860000
-0.0037500000 0.0506450000 -0.0136260000
-0.0497830000 0.0127500000 0.0465880000
0.0334880000 -0.0356920000 -0.0732640000
-0.0445200000 0.0269840000 -0.0728730000
-0.0380870000 -0.0335760000 0.0542560000
0.0237360000 0.0274810000 -0.0701740000
0.0049730000 -0.0286610000 -0.0696840000
0.0478330000 -0.0070510000 0.0202250000
