-0.0107860000 -0.0265400000 -0.0696720000
0.0169640000 0.0472790000 0.0659560000
-0.0193390000 -0.0459900000 0.0335150000
-0.0376840000 0.0346420000 -0.0065930000
0.0482530000 0.0008170000 -0.0059120000
0.0152690000 0.0482380000 -0.0723920000
-0.0504040000 0.0146220000 0.0644880000
0.0441110000 -0.0223920000 0.0650070000
-0.0446450000 0.0271180000 -0.0721890000
0.0488530000 -0.0056490000 -0.0723960000
-0.0442150000 -0.0249850000 -0.0180900000
0.0133650000 -0.0472500000 -0.0177890000
0.0167870000 0.0471290000 0.0081120000
-0.0048520000 -0.0080250000 0.0641990000
-0.0235530000 0.0452660000 0.0384890000
0.0449830000 0.0186420000 0.0391430000
0.0262740000 -0.0412270000 0.0265410000
-0.0500250000 -0.0108630000 0.0255980000
0.0345510000 0.0349200000 -0.0328670000
-0.0071970000 0.0502630000 -0.0343170000
-0.0435540000 -0.0281100000 0.0647280000
0.0097960000 -0.0486730000 0.0658610000
0.0280810000 -0.0398140000 -0.0569880000
-0.0495770000 -0.0130140000 -0.0586940000
0.0105250000 0.0080440000 -0.0695210000
-0.0190690000 -0.0460400000 -0.0375900000
-0.0486380000 0.0164200000 -0.0363950000
0.0458810000 -0.0148640000 -0.0382110000
-0.0194100000 -0.0457870000 -0.0020750000
-0.0104550000 0.0261900000 0.0641280000
