-0.0454940000 0.0037080000 -0.0705110000
0.0488690000 -0.0022790000 0.0658130000
-0.0512670000 0.0032840000 0.0344000000
0.0484180000 0.0004510000 -0.0346910000
-0.0137780000 -0.0478460000 -0.0158850000
0.0118830000 0.0487410000 0.0171540000
-0.0085260000 -0.0500630000 0.0645990000
0.0108820000 0.0492790000 -0.0730130000
0.0196980000 -0.0453840000 -0.0729960000
-0.0374290000 0.0349620000 -0.0177090000
0.0354800000 -0.0329520000 0.0155820000
-0.0228200000 0.0456550000 0.0659210000
-0.0017000000 -0.0000180000 0.0644830000
0.0272260000 0.0427800000 0.0643530000
-0.0491870000 -0.0131190000 -0.0236460000
-0.0281500000 -0.0418300000 -0.0626490000
0.0035510000 0.0008470000 -0.0697850000
0.0462980000 0.0144210000 0.0195610000
0.0256970000 0.0423370000 -0.0281790000
-0.0323300000 -0.0387100000 0.0257710000
0.0283890000 -0.0396010000 -0.0292450000
0.0442670000 0.0208650000 -0.0731960000
-0.0443320000 -0.0256620000 0.0659600000
-0.0292590000 0.0423240000 -0.0598370000
-0.0318460000 0.0401750000 0.0244740000
0.0300960000 -0.0381640000 0.0565410000
0.0452670000 -0.0171660000 -0.0685970000
0.0040990000 -0.0490520000 0.0287510000
-0.0057740000 0.0505110000 -0.0138080000
-0.0476350000 0.0203380000 0.0652350000
-0.0503430000 0.0099650000 0.0009570000
0.0006170000 -0.0495310000 -0.0463200000
0.0471960000 -0.0090480000 -0.0031380000
-0.0490160000 0.0146550000 -0.0405100000
0.0437480000 0.0212390000 -0.0112760000
0.0467350000 -0.0125270000 0.0364410000
-0.0020710000 0.0506620000 -0.0447380000
0.0025010000 0.0503520000 0.0467700000
0.0139520000 -0.0469070000 -0.0018840000
-0.0468630000 -0.0200260000 0.0061290000
