0.0095520000 -0.0150830000 0.0640490000
-0.0368400000 0.0361030000 -0.0733640000
0.0370030000 -0.0313760000 -0.0373810000
0.0147670000 0.0480570000 -0.0003050000
-0.0459390000 -0.0212410000 -0.0055930000
0.0368900000 0.0333880000 -0.0727630000
-0.0265300000 -0.0431520000 -0.0732520000
-0.0407090000 0.0312910000 0.0429590000
0.0168870000 0.0481340000 0.0648120000
0.0483030000 -0.0021030000 0.0166120000
0.0058850000 -0.0485240000 0.0127830000
-0.0473050000 -0.0217450000 0.0640940000
-0.0382560000 0.0341030000 -0.0153580000
-0.0011310000 0.0002840000 -0.0698050000
-0.0509460000 -0.0059540000 -0.0521350000
0.0448670000 0.0184920000 -0.0272120000
-0.0002400000 0.0506980000 -0.0457190000
0.0482800000 0.0124930000 0.0626460000
-0.0154820000 -0.0474920000 -0.0285010000
0.0171640000 -0.0460760000 -0.0733590000
0.0481190000 -0.0086770000 -0.0729150000
-0.0152060000 -0.0476110000 0.0506080000
0.0348530000 -0.0338700000 0.0382370000
0.0355250000 0.0336940000 0.0308970000
-0.0069680000 0.0500340000 0.0329570000
-0.0098310000 0.0190710000 0.0639580000
-0.0509500000 -0.0040990000 0.0293170000
0.0362550000 -0.0322540000 -0.0007210000
-0.0287450000 -0.0410770000 0.0181870000
0.0154210000 -0.0477700000 0.0635980000
0.0446650000 -0.0196460000 0.0657650000
-0.0505840000 0.0103580000 0.0656520000
