0.0335170000 0.0359670000 0.0068620000
-0.0365650000 -0.0362180000 -0.0729620000
-0.0369740000 -0.0355420000 0.0654110000
-0.0077340000 0.0504230000 -0.0731820000
-0.0491050000 0.0138680000 -0.0040860000
0.0133140000 -0.0469420000 -0.0033530000
0.0471250000 -0.0134410000 -0.0727230000
-0.0220760000 0.0463330000 0.0658150000
0.0451000000 -0.0185980000 0.0658770000
0.0340160000 0.0372320000 0.0646020000
-0.0488680000 0.0160690000 -0.0596960000
-0.0116020000 0.0494150000 -0.0191270000
0.0476160000 -0.0087860000 -0.0190250000
-0.0359130000 -0.0348950000 0.0122070000
0.0361430000 0.0331940000 -0.0492630000
0.0117910000 -0.0477370000 -0.0557850000
0.0087310000 -0.0483070000 0.0473110000
-0.0013480000 0.0004600000 -0.0697720000
-0.0012440000 0.0006590000 0.0645100000
-0.0504130000 0.0096190000 0.0468600000
-0.0454540000 -0.0227190000 -0.0309320000
-0.0047430000 0.0504210000 0.0247360000
0.0419390000 -0.0242300000 0.0220780000
0.0470000000 0.0122180000 0.0363800000
-0.0159670000 -0.0473490000 -0.0293270000
-0.0374480000 0.0351450000 0.0243700000
-0.0294310000 0.0417530000 -0.0481750000
0.0318920000 -0.0367350000 -0.0304470000
0.0207140000 0.0447270000 -0.0226080000
-0.0505490000 -0.0076270000 0.0201150000
-0.0084150000 -0.0489120000 0.0199320000
0.0429310000 0.0223130000 -0.0202690000
0.0072800000 0.0497510000 0.0539320000
0.0284060000 0.0114310000 -0.0702660000
0.0481900000 0.0042770000 -0.0476500000
0.0286020000 0.0070430000 0.0640400000
-0.0310170000 -0.0063310000 -0.0696380000
-0.0307660000 -0.0058810000 0.0639800000
0.0475970000 0.0085540000 0.0064060000
0.0218400000 0.0444100000 -0.0733860000
-0.0073140000 -0.0291770000 0.0642410000
-0.0071510000 -0.0290050000 -0.0696850000
-0.0213160000 0.0227870000 -0.0696830000
0.0027970000 0.0506350000 -0.0456290000
0.0289790000 0.0403320000 0.0356030000
-0.0370340000 0.0348900000 -0.0207980000
-0.0509930000 0.0065680000 -0.0324330000
0.0210230000 -0.0246310000 -0.0705440000
-0.0278790000 -0.0419020000 0.0396000000
0.0334320000 -0.0352720000 0.0469380000
-0.0471950000 -0.0191170000 0.0456560000
-0.0427470000 0.0280870000 0.0659350000
0.0223880000 -0.0434720000 0.0229790000
0.0371720000 -0.0306650000 -0.0042590000
0.0180470000 -0.0195120000 0.0638510000
0.0082570000 0.0496560000 0.0010320000
-0.0475080000 -0.0173730000 -0.0046720000
-0.0026600000 0.0272840000 0.0641170000
-0.0224180000 0.0458930000 0.0048880000
-0.0326580000 -0.0385010000 -0.0471990000
