0.0274080000 0.0282270000 0.0441040000
-0.0295100000 -0.0810180000 -0.1095230000
0.0021990000 0.0785490000 -0.1084950000
-0.0336080000 -0.0813770000 0.0995340000
0.0270090000 -0.0816180000 -0.0040050000
-0.0363050000 0.0021710000 -0.0398570000
-0.0326660000 0.0779290000 0.0999860000
0.0322080000 -0.0104870000 -0.1026820000
-0.0328360000 0.0784230000 0.0042100000
-0.0352430000 -0.0262050000 0.0377970000
0.0308300000 0.0488640000 -0.0377300000
0.0259190000 -0.0284280000 0.1000140000
-0.0339090000 -0.0690590000 -0.0384040000
0.0295420000 -0.0739830000 -0.0733600000
-0.0312370000 0.0176770000 -0.1078200000
-0.0329000000 0.0084580000 0.0986080000
0.0310320000 -0.0195290000 -0.0318530000
0.0213200000 -0.0816240000 0.0614870000
0.0306120000 0.0660700000 0.0962890000
-0.0339140000 0.0631380000 -0.0580280000
0.0255370000 -0.0301020000 0.0285320000
-0.0349340000 0.0333410000 0.0435770000
-0.0277390000 -0.0814350000 0.0188680000
0.0255990000 0.0779830000 0.0128740000
-0.0354950000 -0.0322740000 -0.0836400000
0.0342350000 0.0405770000 -0.0897060000
-0.0075790000 0.0772120000 0.0537940000
0.0152510000 0.0198480000 0.1007890000
0.0090360000 -0.0522200000 -0.1113050000
0.0280080000 0.0173020000 -0.0022590000
-0.0341420000 -0.0365510000 0.0841150000
-0.0353630000 0.0316200000 -0.0034780000
-0.0358950000 -0.0328830000 -0.0083390000
0.0083010000 0.0780530000 -0.0631020000
0.0082310000 -0.0684780000 0.1011130000
-0.0345920000 0.0592030000 -0.1006710000
0.0005320000 0.0784410000 -0.0217160000
0.0339710000 0.0069380000 -0.0643760000
-0.0345510000 -0.0710390000 0.0589190000
-0.0115870000 -0.0811870000 -0.0718250000
0.0301520000 -0.0082390000 0.0641130000
-0.0084620000 -0.0157600000 -0.1113990000
0.0336530000 -0.0341390000 -0.0693150000
0.0298670000 -0.0588110000 -0.0368270000
0.0081030000 0.0201240000 -0.1113960000
-0.0344650000 0.0437110000 0.0818530000
0.0290750000 0.0649780000 0.0563700000
-0.0361710000 0.0263450000 -0.0699590000
0.0295470000 -0.0456430000 0.0672200000
0.0011640000 -0.0815330000 -0.0309480000
-0.0042320000 0.0532430000 0.1010810000
-0.0343830000 0.0016800000 0.0624150000
0.0080790000 -0.0831300000 0.0270800000
-0.0357860000 -0.0334320000 -0.0469780000
-0.0357210000 -0.0016980000 0.0110580000
-0.0082530000 -0.0174000000 0.1015010000
0.0274090000 -0.0454250000 -0.0039870000
0.0290990000 -0.0810160000 -0.1081890000
-0.0352560000 0.0363960000 -0.0372450000
0.0323010000 0.0375660000 0.0762440000
-0.0340210000 0.0664070000 0.0362710000
0.0291290000 0.0735940000 -0.0887800000
-0.0238980000 -0.0482540000 -0.1106720000
-0.0085770000 -0.0822180000 0.0760890000
