-0.0337920000 -0.0525580000 0.0954080000
0.0253530000 0.0775510000 -0.1066980000
-0.0305720000 -0.0807270000 -0.0734850000
0.0266260000 0.0773090000 0.0452100000
-0.0358160000 0.0225720000 -0.0302160000
0.0255010000 -0.0818140000 0.0145730000
0.0345820000 -0.0162350000 -0.0970870000
-0.0320990000 0.0375450000 0.1011530000
0.0291590000 -0.0074740000 0.0574740000
-0.0312530000 0.0242190000 -0.1079900000
0.0294870000 0.0637490000 -0.0305090000
-0.0355840000 -0.0331920000 0.0216040000
0.0299270000 -0.0142950000 -0.0212170000
-0.0326300000 0.0784600000 0.0099100000
-0.0309470000 0.0790500000 -0.0677670000
0.0266400000 -0.0805100000 0.0826120000
0.0263090000 -0.0814890000 -0.1085710000
0.0291020000 -0.0717620000 -0.0469050000
0.0296030000 0.0414790000 0.0956080000
-0.0350210000 0.0254400000 0.0414450000
-0.0210180000 -0.0347390000 -0.1108950000
-0.0274960000 -0.0811320000 -0.0133320000
-0.0216400000 -0.0819010000 0.0475650000
0.0264660000 0.0293420000 0.0144160000
-0.0358940000 -0.0316080000 -0.0458670000
-0.0251550000 0.0777430000 0.0643260000
0.0338790000 0.0338310000 -0.0755410000
-0.0023960000 -0.0084070000 0.1013600000
-0.0343750000 -0.0153280000 0.0658100000
0.0252940000 -0.0355370000 0.0201210000
-0.0186280000 0.0684740000 -0.1099090000
0.0044700000 0.0786760000 0.0983350000
0.0304220000 -0.0368550000 0.0911090000
0.0120360000 0.0188340000 -0.1101490000
-0.0114030000 0.0785730000 -0.0284310000
-0.0364120000 0.0044530000 -0.0694180000
0.0116460000 0.0779050000 -0.0664280000
0.0125190000 0.0781900000 0.0056770000
0.0329500000 -0.0323790000 -0.0586840000
-0.0148880000 -0.0755740000 -0.1112140000
0.0291150000 0.0342120000 0.0551480000
-0.0357260000 0.0041750000 0.0065180000
0.0317920000 0.0227820000 -0.0368060000
0.0280110000 -0.0524400000 0.0555030000
-0.0083400000 -0.0813960000 0.0988630000
0.0284150000 -0.0536030000 -0.0133340000
-0.0357050000 0.0420850000 -0.0744440000
0.0150850000 -0.0457430000 -0.1100690000
0.0067870000 -0.0814390000 -0.0759350000
-0.0349670000 0.0415000000 0.0039200000
-0.0322310000 0.0748050000 0.1004490000
0.0308080000 0.0049350000 0.0920240000
-0.0355540000 -0.0457630000 -0.0126060000
-0.0053930000 -0.0813490000 -0.0419340000
-0.0350750000 -0.0456080000 -0.0789740000
-0.0348860000 -0.0490950000 0.0539670000
-0.0342700000 0.0554930000 -0.0422890000
-0.0070880000 0.0784680000 0.0343920000
0.0321090000 -0.0585460000 -0.0823710000
-0.0345780000 -0.0677910000 0.0186920000
0.0132850000 -0.0824720000 0.0470870000
-0.0003830000 -0.0482690000 0.1013040000
-0.0001310000 0.0257620000 0.1011990000
-0.0332690000 0.0044820000 0.0934140000
0.0339860000 0.0016550000 -0.0646300000
-0.0345550000 0.0453280000 0.0688880000
0.0256000000 -0.0025840000 0.0242400000
-0.0341730000 -0.0649590000 -0.0425340000
-0.0342810000 0.0599220000 0.0376990000
-0.0340350000 -0.0811310000 0.0780920000
0.0282980000 0.0695000000 0.0775090000
0.0035430000 -0.0129370000 -0.1113470000
0.0304290000 0.0453900000 -0.1059200000
-0.0342480000 -0.0071780000 -0.0998190000
0.0057530000 -0.0817900000 -0.0114200000
-0.0362680000 -0.0105320000 -0.0222210000
-0.0057340000 -0.0825000000 0.0179830000
-0.0352370000 -0.0058830000 0.0359170000
0.0282990000 0.0539620000 -0.0022090000
-0.0282910000 -0.0240030000 0.1013350000
