0.0316460000 -0.0163340000 0.0787360000
-0.0314420000 0.0780780000 -0.1087330000
0.0281080000 -0.0811010000 -0.0807730000
-0.0327030000 0.0783360000 0.0200400000
-0.0338320000 -0.0796040000 0.0131200000
0.0323010000 0.0194670000 -0.0430060000
0.0233850000 0.0774950000 0.0983710000
-0.0344300000 -0.0145320000 -0.0990140000
-0.0272750000 -0.0783260000 0.1013110000
-0.0359370000 -0.0001280000 -0.0035170000
-0.0343080000 0.0269030000 0.0800620000
0.0284580000 -0.0489000000 -0.0135290000
0.0261170000 0.0360350000 0.0278760000
0.0259690000 -0.0820170000 0.0517270000
-0.0043780000 0.0784550000 -0.0448720000
0.0335270000 0.0545030000 -0.1027770000
-0.0337820000 -0.0677120000 -0.0546930000
0.0332210000 -0.0161980000 -0.1007830000
-0.0348380000 -0.0329340000 0.0567740000
-0.0359850000 0.0285260000 -0.0567410000
-0.0216270000 -0.0775030000 -0.1108460000
-0.0319390000 0.0787270000 0.0995900000
0.0233710000 -0.0633440000 0.1004990000
0.0262080000 0.0777950000 -0.0028630000
0.0255210000 -0.0167280000 0.0269980000
0.0136690000 0.0268460000 0.1008060000
-0.0117620000 0.0299730000 -0.1111610000
-0.0148840000 -0.0156870000 0.1007970000
0.0077180000 0.0773220000 0.0502440000
-0.0363740000 -0.0194930000 -0.0496500000
-0.0350850000 0.0312170000 0.0328110000
0.0325030000 -0.0389020000 -0.0593930000
-0.0348620000 0.0457460000 -0.0128790000
0.0074650000 -0.0815730000 -0.0390280000
-0.0196190000 -0.0820080000 0.0564670000
0.0116320000 -0.0829310000 0.0095520000
-0.0356340000 -0.0441490000 -0.0123900000
-0.0011060000 -0.0398040000 -0.1114180000
0.0306740000 0.0586730000 -0.0603330000
-0.0341420000 0.0641800000 0.0597960000
0.0312520000 0.0472990000 0.0681730000
0.0033260000 0.0782540000 -0.0857800000
0.0280880000 0.0092720000 -0.0040020000
-0.0334500000 0.0666850000 -0.0703110000
0.0348570000 0.0200810000 -0.0828880000
0.0279710000 -0.0441110000 0.0533300000
-0.0344010000 -0.0504560000 -0.0880400000
0.0290820000 0.0120270000 0.0557270000
0.0309810000 -0.0163400000 -0.0307130000
-0.0355770000 -0.0276400000 0.0206890000
0.0321080000 -0.0526600000 -0.1032510000
-0.0085300000 -0.0812860000 -0.0771270000
0.0297130000 0.0434660000 -0.0159130000
-0.0095710000 0.0785610000 -0.0079320000
-0.0247810000 -0.0811040000 -0.0215280000
-0.0340450000 -0.0444000000 0.0912580000
0.0009410000 -0.0043660000 -0.1113320000
-0.0346560000 0.0024500000 0.0545750000
-0.0144920000 0.0479470000 0.1005240000
-0.0359680000 0.0188850000 -0.0896080000
0.0252150000 -0.0529140000 0.0203920000
0.0014750000 -0.0824970000 0.0832110000
0.0120490000 -0.0790350000 -0.1101630000
-0.0048310000 0.0758170000 0.0807390000
0.0136740000 -0.0320550000 0.1010230000
-0.0331470000 0.0733630000 -0.0302180000
0.0339470000 -0.0063400000 -0.0638360000
-0.0348430000 -0.0595930000 0.0385290000
0.0271880000 0.0773590000 -0.0347480000
0.0030830000 0.0580160000 -0.1108390000
-0.0351320000 0.0493890000 -0.0969070000
0.0269180000 0.0672620000 0.0270220000
0.0196700000 0.0273410000 -0.1091070000
-0.0361880000 0.0070570000 -0.0338290000
-0.0064980000 -0.0553830000 0.1014170000
-0.0149900000 0.0150860000 0.1007620000
0.0277190000 -0.0796360000 -0.0161650000
-0.0022710000 0.0785230000 0.0217680000
0.0296510000 -0.0677420000 -0.0531800000
0.0175680000 -0.0024800000 0.1008810000
0.0273830000 -0.0215640000 -0.0021620000
-0.0096940000 -0.0823040000 0.0291500000
-0.0338710000 -0.0139710000 0.0786540000
-0.0354390000 0.0021210000 0.0252890000
-0.0346260000 -0.0609720000 0.0679230000
0.0273400000 0.0756370000 0.0703400000
0.0296580000 0.0502290000 0.0962250000
-0.0361950000 -0.0036670000 -0.0728080000
0.0323730000 0.0141020000 0.0834970000
0.0310030000 -0.0440200000 0.0819150000
-0.0345370000 0.0517120000 0.0137780000
0.0208000000 0.0784340000 -0.1067490000
-0.0355180000 -0.0449510000 -0.0407930000
-0.0354770000 0.0252590000 0.0047890000
-0.0190380000 0.0784300000 0.0429980000
0.0256970000 0.0098180000 0.0235160000
-0.0275690000 -0.0375950000 -0.1104720000
0.0283860000 -0.0695530000 0.0750270000
-0.0343890000 0.0548010000 0.0846190000
-0.0344800000 0.0533770000 -0.0473310000
0.0290270000 0.0735700000 -0.0819770000
-0.0328110000 -0.0768210000 -0.0870260000
-0.0352340000 -0.0533340000 0.0124690000
-0.0234660000 0.0062130000 -0.1107460000
-0.0362180000 -0.0172760000 -0.0236580000
0.0284560000 -0.0139350000 0.0530710000
0.0008030000 -0.0817320000 -0.0139060000
-0.0334540000 0.0703100000 -0.0046320000
-0.0346940000 0.0385230000 0.0570860000
-0.0358050000 -0.0296360000 -0.0736860000
0.0343510000 -0.0355660000 -0.0846070000
0.0144740000 0.0778510000 -0.0609860000
0.0273780000 0.0504530000 0.0076590000
-0.0132400000 -0.0811100000 -0.0529550000
0.0312680000 0.0438990000 -0.0406550000
0.0331280000 0.0340890000 -0.0629030000
-0.0355760000 0.0312930000 -0.0326640000
0.0061520000 0.0606680000 0.1007520000
0.0256690000 -0.0758470000 0.0279470000
-0.0209820000 0.0789030000 -0.0870730000
0.0318560000 -0.0576670000 -0.0749030000
0.0120060000 -0.0815140000 -0.0630060000
-0.0342700000 0.0605140000 0.0360300000
0.0308670000 -0.0400590000 -0.0355230000
0.0319850000 0.0077940000 -0.1032850000
-0.0328760000 -0.0003110000 0.0981050000
-0.0075080000 0.0789110000 -0.1068990000
-0.0301520000 -0.0820970000 0.0780510000
