-0.0347290000 -0.0539090000 0.0618400000
0.0261290000 0.0776030000 -0.1064230000
-0.0301480000 -0.0814240000 -0.1081190000
0.0266710000 0.0772530000 0.0985780000
-0.0345940000 0.0496770000 -0.0035910000
0.0303420000 -0.0360000000 -0.0279840000
-0.0359700000 0.0098350000 -0.0883460000
0.0279210000 0.0059960000 0.0484670000
-0.0323970000 0.0212080000 0.1007620000
0.0299760000 -0.0300480000 -0.1070490000
-0.0333900000 -0.0793630000 -0.0126020000
0.0316820000 0.0394300000 -0.0406760000
0.0261060000 -0.0801150000 0.0993440000
0.0270760000 0.0771270000 0.0249960000
0.0258040000 -0.0810280000 0.0276870000
-0.0323920000 0.0779530000 -0.0677610000
