0.0109290000 0.0782660000 0.0174930000
-0.0293120000 -0.0813010000 -0.1093060000
-0.0336080000 -0.0813770000 0.0995340000
-0.0307490000 0.0545730000 -0.1093320000
0.0273830000 -0.0447960000 -0.0037750000
0.0262070000 0.0092680000 0.1000490000
0.0350130000 -0.0129920000 -0.0932180000
-0.0326840000 0.0783270000 0.0974350000
-0.0359810000 0.0148450000 -0.0275480000
-0.0348970000 -0.0149290000 0.0494660000
0.0305980000 0.0587570000 -0.0577380000
-0.0328010000 -0.0798440000 -0.0335320000
0.0291000000 -0.0576950000 0.0691610000
0.0286810000 -0.0792710000 -0.0687120000
-0.0354620000 -0.0135730000 -0.0917730000
0.0260360000 0.0134050000 0.0314690000
-0.0226670000 -0.0817500000 0.0334500000
-0.0319700000 0.0786280000 -0.0462720000
0.0281730000 0.0696990000 0.0787430000
-0.0346780000 0.0470250000 0.0436550000
-0.0327770000 0.0179530000 0.0992940000
0.0316160000 0.0046350000 -0.0349010000
0.0227030000 0.0385420000 -0.1083940000
-0.0358100000 -0.0354120000 -0.0014910000
-0.0086500000 -0.0328350000 0.1014270000
0.0132550000 -0.0546950000 -0.1101940000
0.0254050000 -0.0823020000 0.0272870000
-0.0335200000 0.0701800000 0.0011340000
-0.0357350000 -0.0349970000 -0.0490510000
0.0293360000 0.0460190000 -0.0121310000
0.0052300000 0.0784410000 -0.0915360000
-0.0361610000 0.0280650000 -0.0718070000
