0.0280310000 0.0756020000 -0.0249710000
-0.0336080000 -0.0813770000 0.0995340000
-0.0297330000 -0.0813190000 -0.1090880000
-0.0318930000 0.0590140000 0.1008490000
0.0274460000 -0.0472530000 -0.0039260000
-0.0310490000 0.0307870000 -0.1088050000
0.0316130000 -0.0117520000 0.0857150000
-0.0354430000 0.0191630000 0.0158590000
0.0348990000 -0.0245920000 -0.0897570000
-0.0361130000 -0.0258820000 -0.0507500000
0.0276370000 0.0759130000 0.0531950000
0.0283660000 0.0763750000 -0.1003980000
-0.0339910000 -0.0796830000 0.0244280000
0.0271890000 -0.0795810000 0.0616920000
-0.0326870000 0.0777740000 -0.0581470000
-0.0341850000 -0.0194660000 0.0718210000
0.0157010000 -0.0815520000 -0.0601400000
0.0316690000 0.0112410000 -0.0351410000
0.0259290000 0.0171850000 0.0297930000
-0.0334500000 0.0781050000 0.0381880000
0.0238960000 0.0434940000 0.1003500000
-0.0180380000 -0.0249890000 -0.1112060000
-0.0331690000 -0.0793150000 -0.0320940000
-0.0357670000 0.0271650000 -0.0383890000
0.0222720000 0.0237630000 -0.1085550000
-0.0358580000 -0.0315860000 0.0015150000
0.0263840000 -0.0713880000 -0.1092180000
0.0085920000 -0.0537340000 0.1010450000
-0.0196640000 0.0786620000 -0.0097650000
-0.0213240000 0.0796840000 -0.1070270000
0.0268190000 -0.0341500000 0.0428200000
-0.0345980000 0.0283830000 0.0636720000
-0.0110550000 0.0104440000 0.1015360000
0.0320240000 0.0490680000 -0.0630820000
0.0109720000 -0.0833250000 0.0192440000
0.0318380000 -0.0391220000 -0.0477550000
0.0269410000 0.0573240000 0.0141790000
-0.0347570000 -0.0605310000 0.0624530000
0.0030290000 0.0770930000 0.0870800000
-0.0340710000 -0.0618190000 -0.0716960000
-0.0362350000 0.0071710000 -0.0754390000
0.0068270000 -0.0817280000 -0.0210970000
0.0273930000 -0.0073470000 -0.0007510000
0.0062710000 0.0781060000 -0.0680050000
0.0312220000 0.0228590000 0.0679310000
0.0345320000 0.0109900000 -0.0740650000
-0.0291430000 -0.0433210000 0.1013780000
-0.0353110000 -0.0129960000 0.0347460000
-0.0355950000 0.0443720000 -0.0744110000
-0.0072430000 -0.0822590000 0.0738880000
-0.0011570000 0.0784950000 0.0221380000
0.0016160000 0.0527040000 -0.1109700000
-0.0361850000 -0.0035070000 -0.0207040000
-0.0348210000 0.0451230000 -0.0081520000
0.0298250000 0.0410100000 -0.0168940000
0.0303210000 -0.0456070000 0.0752700000
-0.0282610000 0.0778660000 0.0722540000
0.0321130000 -0.0567250000 -0.0774370000
-0.0054450000 -0.0573920000 -0.1113220000
0.0126210000 -0.0088590000 -0.1100840000
0.0027300000 -0.0204800000 0.1012130000
-0.0034810000 -0.0814650000 -0.0878720000
-0.0352210000 -0.0469070000 0.0309040000
-0.0354170000 -0.0308400000 -0.0837830000
0.0256830000 -0.0811750000 0.0946290000
-0.0347810000 0.0448730000 0.0357720000
-0.0347100000 -0.0629630000 -0.0048000000
-0.0067900000 0.0785180000 -0.0387500000
0.0276220000 0.0447440000 0.0453450000
-0.0094160000 -0.0822020000 0.0430280000
0.0286070000 -0.0051790000 0.0534150000
-0.0032130000 0.0771070000 0.0538870000
-0.0149270000 -0.0811400000 -0.0569250000
-0.0069720000 0.0409520000 0.1013390000
0.0195950000 0.0129490000 0.1006990000
0.0293070000 -0.0673710000 -0.0363140000
-0.0313300000 -0.0124380000 0.1013360000
-0.0341640000 0.0573730000 -0.0359190000
0.0338610000 0.0473530000 -0.0936740000
-0.0328260000 0.0003730000 -0.1044530000
0.0197730000 -0.0413580000 -0.1094970000
-0.0337470000 0.0300990000 0.0936290000
-0.0353790000 -0.0484070000 -0.0308580000
0.0258960000 -0.0637990000 0.0360560000
0.0316680000 0.0538930000 0.0732560000
-0.0066650000 0.0142070000 -0.1114030000
-0.0130500000 -0.0818160000 0.0020420000
-0.0332210000 -0.0528520000 -0.1030450000
0.0306570000 -0.0178880000 -0.0279960000
-0.0338080000 0.0657070000 0.0121610000
