-0.0336530000 0.0005040000 0.0845240000
0.0289020000 -0.0801200000 -0.1091000000
-0.0311470000 0.0790510000 -0.0711570000
0.0247290000 -0.0832000000 0.0147680000
0.0265710000 0.0776250000 0.0267550000
-0.0361680000 -0.0235920000 -0.0479160000
0.0336090000 0.0152060000 -0.1004880000
0.0044520000 -0.0782950000 0.1014040000
0.0272030000 -0.0012650000 0.0012000000
-0.0163350000 0.0800900000 0.0971830000
-0.0349250000 0.0428490000 -0.0038490000
-0.0354420000 -0.0410600000 0.0235810000
0.0327300000 0.0292310000 0.0803630000
0.0304150000 0.0561790000 -0.0417310000
0.0309280000 -0.0516910000 -0.0463520000
-0.0341060000 0.0179440000 -0.1016560000
-0.0307140000 -0.0496910000 -0.1092920000
0.0290280000 -0.0332520000 0.0597690000
0.0221420000 0.0780370000 -0.1069540000
-0.0248230000 -0.0810570000 -0.0243150000
-0.0329020000 0.0783820000 0.0417710000
-0.0330990000 -0.0817400000 0.0610460000
0.0329320000 0.0016070000 -0.0502690000
-0.0095290000 -0.0812720000 -0.0744900000
-0.0352220000 0.0095120000 0.0345970000
-0.0358600000 0.0295190000 -0.0524790000
0.0159450000 -0.0312770000 -0.1098310000
0.0118800000 -0.0114550000 0.1010710000
-0.0336490000 -0.0466420000 0.0998850000
-0.0030230000 0.0784630000 -0.0140390000
0.0261880000 0.0765800000 0.0747060000
0.0271080000 -0.0797000000 0.0610640000
0.0263370000 0.0309820000 0.0343080000
-0.0078140000 0.0350660000 0.1014320000
-0.0193200000 0.0595220000 -0.1100500000
-0.0359970000 -0.0014950000 -0.0087510000
-0.0345570000 0.0416010000 0.0665470000
-0.0194650000 -0.0819160000 0.0191680000
0.0274320000 -0.0439670000 -0.0040850000
0.0282970000 0.0487960000 -0.0021040000
0.0091180000 0.0780090000 -0.0688350000
0.0152690000 -0.0818080000 -0.0241140000
-0.0346700000 -0.0327680000 0.0622230000
0.0278490000 -0.0469350000 0.0965670000
0.0328590000 0.0497720000 -0.0818150000
-0.0357320000 -0.0183170000 -0.0865550000
-0.0355780000 -0.0440020000 -0.0150090000
-0.0335750000 0.0666370000 -0.0346560000
0.0343210000 -0.0266260000 -0.0761000000
0.0283980000 -0.0807920000 -0.0710040000
-0.0343080000 -0.0608510000 -0.0547240000
-0.0012000000 0.0019500000 -0.1113870000
-0.0072900000 -0.0772040000 -0.1104130000
0.0264690000 -0.0051590000 0.0373420000
-0.0331610000 0.0779130000 0.0058180000
0.0113880000 0.0414240000 -0.1100370000
-0.0309710000 -0.0817770000 0.0965350000
-0.0347910000 0.0447760000 0.0316640000
0.0255150000 -0.0517240000 0.0303290000
0.0007670000 0.0775160000 0.0508200000
-0.0354600000 0.0467820000 -0.0820920000
0.0210160000 0.0546200000 0.1003730000
0.0306400000 0.0233740000 -0.0242080000
0.0315370000 -0.0037640000 0.0746850000
-0.0028110000 -0.0822920000 0.0475560000
0.0306270000 -0.0222170000 -0.0280740000
-0.0334930000 0.0532610000 0.0972210000
-0.0041740000 0.0785550000 0.0185550000
-0.0026870000 -0.0402340000 0.1013780000
0.0332410000 -0.0551010000 -0.0897740000
