-0.0202450000 -0.0288920000 -0.1109180000
0.0272200000 0.0762360000 0.0992450000
-0.0330490000 -0.0814830000 0.0551380000
-0.0323440000 0.0785450000 -0.0252830000
0.0286100000 -0.0143610000 -0.0108230000
0.0324710000 0.0604340000 -0.1043630000
-0.0346730000 0.0150370000 0.0556010000
-0.0301220000 -0.0809510000 -0.0363010000
0.0261880000 -0.0325920000 0.0997540000
0.0266120000 0.0572760000 0.0224210000
0.0288980000 -0.0802300000 -0.0841470000
-0.0362900000 0.0047790000 -0.0442690000
0.0248530000 -0.0830000000 0.0117140000
-0.0333210000 0.0390400000 -0.1042610000
0.0346380000 -0.0030800000 -0.0784450000
-0.0357440000 -0.0341780000 0.0095390000
-0.0331510000 0.0783100000 0.0730800000
0.0291150000 0.0687320000 -0.0406080000
0.0279910000 0.0015680000 0.0485250000
-0.0338080000 -0.0331550000 0.0921880000
0.0026000000 0.0221830000 0.1010900000
0.0232690000 -0.0814410000 0.0693610000
-0.0298580000 -0.0807130000 -0.0924050000
-0.0352890000 0.0326380000 0.0040920000
-0.0111230000 0.0786030000 -0.0750690000
0.0296180000 -0.0613970000 -0.0354650000
-0.0191600000 0.0786870000 0.0242080000
-0.0354140000 -0.0403690000 -0.0643800000
-0.0143300000 -0.0775720000 0.1011370000
0.0265330000 -0.0392030000 -0.1086460000
0.0263200000 -0.0448030000 0.0393400000
0.0083040000 0.0180950000 -0.1113550000
-0.0239340000 -0.0814920000 0.0096090000
0.0307550000 0.0439440000 0.0666360000
0.0319700000 0.0230430000 -0.0394150000
-0.0350270000 0.0467610000 -0.0562280000
-0.0325170000 0.0463060000 0.1009680000
-0.0360890000 0.0011470000 -0.0862470000
0.0062240000 0.0766290000 0.0577010000
-0.0349530000 -0.0267840000 0.0506290000
