0.0100700000 -0.0002170000 -0.1103770000
-0.0332730000 -0.0798560000 0.1006440000
0.0261690000 0.0773490000 0.0471940000
0.0270880000 -0.0817310000 -0.0126580000
-0.0319700000 0.0786280000 -0.0462720000
-0.0355000000 -0.0054850000 0.0246910000
0.0263160000 -0.0034990000 0.1001500000
-0.0303060000 -0.0806830000 -0.0861260000
0.0309220000 0.0199270000 -0.0271610000
-0.0323440000 0.0547860000 0.1008070000
0.0275520000 0.0769080000 -0.0994640000
-0.0364190000 -0.0118180000 -0.0510320000
0.0278320000 -0.0666990000 0.0601790000
-0.0340380000 -0.0797690000 0.0254840000
0.0322390000 -0.0550730000 -0.0757660000
-0.0340710000 0.0622730000 0.0204370000
-0.0327520000 0.0506420000 -0.1062690000
0.0265010000 0.0122560000 0.0372420000
-0.0338210000 -0.0181030000 0.0866000000
0.0188070000 0.0779140000 -0.0130780000
0.0258120000 0.0544120000 0.1000240000
-0.0340200000 -0.0691720000 -0.0303700000
0.0270760000 -0.0280650000 -0.0000940000
-0.0336610000 -0.0295610000 -0.1011450000
-0.0354190000 0.0327020000 -0.0225680000
0.0340910000 0.0309240000 -0.0772810000
0.0056970000 -0.0486160000 0.1012470000
-0.0346920000 0.0305760000 0.0582230000
0.0103510000 -0.0788410000 -0.1103250000
-0.0180390000 0.0771380000 0.0621000000
