0.0257770000 -0.0816440000 0.0102700000
-0.0309970000 0.0790760000 -0.1082350000
-0.0312050000 0.0790740000 0.0996130000
-0.0299510000 -0.0557930000 -0.1098160000
0.0285230000 0.0432550000 -0.0045090000
-0.0331610000 -0.0375870000 0.1009890000
0.0352360000 0.0118100000 -0.0938890000
-0.0362070000 -0.0211980000 -0.0233770000
0.0325840000 0.0192330000 0.0812120000
-0.0350640000 0.0263390000 0.0397760000
0.0311330000 -0.0584420000 -0.0631150000
-0.0330340000 0.0776410000 -0.0323770000
0.0264920000 -0.0807150000 0.0856100000
-0.0360170000 0.0115240000 -0.0863840000
0.0274930000 0.0771150000 -0.0685500000
-0.0342310000 -0.0793300000 0.0453220000
0.0166360000 0.0771600000 0.0518570000
0.0254890000 -0.0166790000 0.0248560000
-0.0291590000 -0.0808310000 -0.0492260000
-0.0229230000 0.0205340000 0.1011090000
