0.0037280000 0.0639990000 0.1008290000
-0.0295100000 -0.0810180000 -0.1095230000
0.0275940000 0.0770570000 -0.0698770000
0.0256420000 -0.0824250000 0.0405230000
-0.0357000000 0.0109180000 0.0033500000
-0.0328550000 -0.0286960000 0.1007450000
0.0333890000 -0.0224310000 -0.0595760000
-0.0309830000 0.0192800000 -0.1081680000
0.0269370000 0.0773770000 0.0176720000
-0.0337840000 -0.0732200000 -0.0223820000
0.0286880000 0.0003680000 0.0539100000
-0.0326640000 0.0782000000 -0.0271280000
-0.0340800000 0.0656680000 0.0443660000
-0.0349860000 -0.0565760000 0.0411600000
0.0258500000 -0.0565360000 0.1000700000
0.0287510000 0.0180360000 -0.0083150000
-0.0362940000 -0.0173120000 -0.0546550000
0.0325830000 -0.0693670000 -0.1023550000
0.0271880000 -0.0818320000 -0.0380120000
0.0321640000 0.0234370000 -0.1031720000
-0.0313080000 0.0789380000 -0.0904810000
0.0269690000 -0.0393110000 0.0014190000
-0.0341860000 0.0256350000 0.0840510000
-0.0223040000 -0.0820970000 0.0893310000
-0.0061110000 -0.0306000000 -0.1113730000
-0.0357060000 0.0353480000 -0.0572780000
0.0084640000 0.0019310000 0.1010770000
0.0298640000 0.0502260000 0.0600620000
-0.0349310000 -0.0080190000 0.0487330000
0.0328140000 0.0312280000 -0.0548640000
-0.0128150000 -0.0811520000 -0.0647010000
0.0082760000 0.0631600000 -0.1106510000
0.0140660000 0.0780620000 -0.0258400000
-0.0358110000 -0.0344790000 0.0016240000
0.0039090000 -0.0822450000 0.0002360000
0.0286730000 -0.0428670000 0.0582990000
-0.0338090000 0.0773280000 0.0854480000
-0.0348750000 -0.0470540000 -0.0848470000
0.0327590000 -0.0186220000 -0.1017770000
-0.0145040000 0.0785980000 0.0093280000
-0.0003560000 0.0761530000 0.0626890000
0.0292250000 0.0349290000 0.0960660000
0.0261240000 0.0384610000 0.0239060000
-0.0089230000 0.0785030000 -0.0587680000
-0.0346630000 0.0483030000 -0.0030910000
-0.0100060000 -0.0821700000 0.0534820000
-0.0350580000 0.0278540000 0.0386210000
-0.0314370000 -0.0812360000 0.0139540000
0.0313410000 -0.0583510000 -0.0671790000
0.0253020000 -0.0070850000 0.0179700000
-0.0354480000 -0.0114430000 -0.0900820000
0.0310960000 -0.0226970000 0.0879040000
0.0017010000 0.0042780000 -0.1113520000
0.0188330000 -0.0816650000 0.0755810000
0.0303700000 -0.0467710000 -0.0331940000
-0.0361060000 0.0098120000 -0.0323270000
0.0305520000 -0.0120540000 -0.0263530000
-0.0349430000 -0.0524750000 -0.0506600000
-0.0344240000 -0.0523550000 0.0755570000
-0.0085110000 -0.0530870000 0.1014470000
0.0302900000 0.0478910000 -0.0246410000
0.0003960000 -0.0638320000 -0.1112870000
-0.0250700000 0.0522610000 -0.1098780000
-0.0057180000 0.0323020000 0.1013910000
0.0270130000 0.0757000000 0.0807310000
0.0346580000 0.0060140000 -0.0753270000
0.0330470000 0.0534190000 -0.0913170000
-0.0039220000 -0.0814620000 -0.0309260000
-0.0229130000 0.0015170000 0.1011680000
0.0254260000 -0.0531980000 0.0290880000
0.0133040000 -0.0815350000 -0.0810820000
-0.0303560000 0.0509740000 0.1011360000
0.0278820000 -0.0674040000 -0.0109290000
0.0322060000 0.0071530000 0.0831960000
0.0258540000 0.0774070000 0.0478110000
-0.0007120000 0.0346440000 -0.1112430000
-0.0360820000 -0.0320690000 -0.0279220000
-0.0015630000 0.0784860000 -0.0874150000
-0.0337090000 0.0637030000 -0.0651870000
-0.0344670000 0.0517770000 0.0707830000
-0.0362540000 0.0158160000 -0.0791080000
0.0043620000 -0.0269610000 0.1011990000
0.0060470000 -0.0782220000 0.1014630000
-0.0338620000 -0.0113270000 0.0775850000
0.0007800000 0.0784440000 0.0337030000
-0.0346690000 0.0495100000 -0.0323430000
0.0211490000 -0.0440030000 -0.1093730000
-0.0354080000 -0.0302680000 0.0301980000
-0.0356240000 0.0433680000 -0.0846800000
-0.0252500000 -0.0525050000 -0.1105630000
-0.0000990000 -0.0827430000 0.0277250000
-0.0327800000 -0.0751380000 -0.0827040000
-0.0344200000 -0.0777990000 0.0651360000
0.0327550000 0.0047540000 -0.0479070000
0.0278730000 0.0545600000 0.0017900000
0.0303310000 0.0586300000 -0.0499350000
0.0262440000 -0.0268220000 0.0365960000
0.0278720000 0.0263590000 0.0479390000
0.0253720000 -0.0756610000 0.0145630000
0.0342810000 -0.0376340000 -0.0833880000
