0.0131540000 0.0749990000 0.0755040000
-0.0295100000 -0.0810180000 -0.1095230000
0.0276800000 0.0769830000 -0.0929770000
-0.0337200000 -0.0816420000 0.0985280000
0.0275440000 -0.0283420000 -0.0041480000
-0.0342190000 0.0556260000 -0.0136570000
0.0311110000 -0.0156030000 0.0883490000
0.0347770000 -0.0152750000 -0.0960420000
-0.0337960000 -0.0798040000 0.0159400000
-0.0363410000 -0.0163080000 -0.0547340000
-0.0350360000 -0.0034680000 0.0431120000
0.0272590000 -0.0816920000 -0.0585890000
-0.0314090000 0.0346540000 -0.1087890000
0.0266280000 -0.0813000000 0.0565970000
0.0312650000 0.0365190000 -0.0339200000
-0.0321410000 0.0316520000 0.1008610000
0.0261620000 0.0270160000 0.0318060000
-0.0331100000 -0.0775770000 -0.0460650000
-0.0273810000 0.0791150000 -0.0684590000
-0.0344240000 0.0565080000 0.0453630000
-0.0213130000 -0.0228310000 -0.1108680000
0.0169220000 0.0780600000 0.0053670000
-0.0244050000 -0.0250670000 0.1010750000
0.0193380000 -0.0825000000 0.0018000000
0.0218020000 -0.0654990000 -0.1095210000
-0.0359320000 -0.0306540000 -0.0038380000
0.0127680000 -0.0612380000 0.1008710000
0.0185870000 0.0316100000 0.1006280000
-0.0348050000 -0.0514650000 0.0580120000
0.0185830000 0.0304790000 -0.1091870000
-0.0358080000 0.0325510000 -0.0570840000
0.0269540000 -0.0342970000 0.0439510000
-0.0331090000 0.0782640000 0.0887070000
0.0323560000 -0.0344760000 -0.0516010000
0.0111580000 0.0780830000 -0.0421330000
-0.0356800000 0.0142220000 0.0023410000
-0.0131950000 0.0749830000 -0.1101520000
-0.0347480000 -0.0512980000 -0.0796580000
0.0342320000 0.0196550000 -0.0721020000
-0.0119310000 -0.0821470000 0.0491380000
-0.0077540000 -0.0812890000 -0.0763360000
0.0279910000 0.0108380000 -0.0038070000
-0.0208830000 0.0786810000 0.0154760000
0.0271070000 0.0652510000 0.0404080000
-0.0359690000 0.0040830000 -0.0866870000
0.0309740000 0.0167230000 0.0677930000
0.0011640000 -0.0815330000 -0.0309480000
0.0318960000 -0.0001760000 -0.0389150000
0.0291900000 -0.0586980000 -0.0244120000
-0.0338050000 0.0022320000 0.0791490000
0.0313530000 0.0551880000 -0.0645910000
-0.0069540000 0.0572330000 0.1011320000
0.0013920000 0.0003870000 0.1012520000
0.0280510000 0.0455680000 -0.0001270000
-0.0051300000 0.0779810000 0.0462590000
0.0065070000 -0.0023780000 -0.1113010000
-0.0345970000 -0.0634530000 -0.0141840000
0.0335870000 -0.0469910000 -0.0833380000
0.0298500000 -0.0513760000 0.0732280000
-0.0361570000 0.0087870000 -0.0319770000
