-0.0094410000 -0.0821990000 0.0737950000
-0.0303820000 0.0792300000 -0.1082150000
0.0280970000 -0.0810870000 -0.0933300000
0.0267520000 0.0771750000 0.0475320000
-0.0361890000 -0.0054180000 -0.0183670000
-0.0323400000 0.0135040000 0.1008290000
0.0348670000 0.0140200000 -0.0805160000
0.0273860000 -0.0678570000 -0.0056920000
-0.0217680000 0.0787480000 -0.0231070000
-0.0343730000 -0.0274190000 -0.0979890000
0.0279610000 -0.0052390000 0.0478530000
-0.0327770000 -0.0793130000 -0.0461920000
-0.0348750000 0.0420090000 0.0362300000
0.0293160000 0.0320960000 -0.0116740000
-0.0202990000 0.0802980000 0.0968130000
-0.0351600000 -0.0274260000 0.0448640000
0.0273280000 0.0772080000 -0.0660460000
0.0282990000 0.0364390000 0.0976990000
-0.0361260000 0.0296310000 -0.0703740000
0.0252230000 -0.0380260000 0.1003830000
-0.0296400000 -0.0813320000 0.0156520000
0.0322940000 -0.0375160000 -0.0547140000
-0.0256310000 -0.0813570000 -0.1090500000
-0.0333230000 -0.0411560000 0.1007910000
0.0199020000 -0.0296180000 -0.1094380000
-0.0029190000 0.0342480000 -0.1112250000
0.0267640000 -0.0575190000 0.0454310000
0.0273050000 -0.0173250000 -0.0012050000
0.0201570000 0.0777580000 0.0000420000
0.0141540000 -0.0816260000 -0.0484520000
-0.0359010000 -0.0341900000 -0.0531800000
0.0144470000 0.0755770000 -0.1089150000
-0.0351180000 0.0382230000 -0.0086600000
0.0263100000 0.0359790000 0.0321360000
-0.0329280000 0.0730480000 -0.0649930000
-0.0165180000 0.0776840000 0.0530110000
-0.0354300000 -0.0486510000 -0.0116300000
0.0254980000 -0.0807840000 0.0985290000
0.0214730000 0.0777470000 0.0981360000
0.0073920000 0.0003410000 0.1010990000
0.0321580000 0.0016640000 -0.0411670000
-0.0345030000 0.0471270000 0.0767950000
-0.0333430000 0.0770800000 0.0157200000
-0.0354980000 0.0048290000 0.0209310000
-0.0344540000 0.0107530000 0.0614950000
0.0320860000 0.0412660000 -0.0514240000
-0.0330550000 0.0107690000 -0.1044700000
-0.0077520000 -0.0815510000 -0.0163050000
0.0079880000 -0.0832030000 0.0240100000
-0.0346850000 -0.0659890000 0.0502860000
