-0.0204090000 0.0127650000 0.0631020000
0.0204700000 -0.0473590000 -0.0903560000
-0.0129290000 0.0425620000 -0.0406120000
0.0168340000 -0.0461790000 0.0021490000
0.0131620000 -0.0452390000 0.0790760000
0.0202310000 0.0412030000 0.0178320000
0.0237440000 0.0193650000 -0.0911660000
-0.0202680000 -0.0221080000 -0.0460050000
-0.0208590000 0.0021310000 0.0065050000
0.0239360000 0.0032290000 -0.0252310000
-0.0216540000 -0.0429470000 0.0387880000
0.0173010000 0.0427430000 0.0815620000
0.0188580000 -0.0085140000 0.0375210000
-0.0124050000 -0.0121220000 -0.0922460000
0.0191660000 -0.0462990000 -0.0441100000
0.0164450000 -0.0015280000 0.0820520000
-0.0128150000 0.0404910000 -0.0834810000
-0.0184220000 0.0425670000 0.0337990000
-0.0231770000 -0.0250430000 0.0804180000
0.0246730000 -0.0109850000 -0.0639110000
-0.0205790000 -0.0357180000 -0.0079480000
0.0240330000 0.0327890000 -0.0520520000
-0.0155640000 -0.0470320000 -0.0753690000
-0.0110690000 0.0436360000 -0.0030910000
0.0154550000 -0.0454690000 0.0418590000
-0.0190550000 0.0113230000 -0.0617860000
-0.0192550000 0.0447800000 0.0801180000
0.0182470000 0.0251850000 0.0499830000
0.0214140000 0.0412020000 -0.0176010000
-0.0199350000 0.0108660000 -0.0268590000
-0.0209380000 -0.0095010000 0.0384560000
0.0214300000 -0.0134900000 0.0047540000
0.0170850000 -0.0177550000 -0.0919290000
0.0218970000 -0.0263850000 -0.0223150000
-0.0102370000 -0.0468680000 -0.0335020000
0.0222170000 0.0167380000 0.0008050000
-0.0017400000 0.0443420000 0.0572320000
-0.0011830000 0.0210150000 0.0827240000
0.0164020000 -0.0221210000 0.0625390000
0.0147940000 0.0423420000 -0.0771990000
-0.0119000000 -0.0456630000 0.0648980000
-0.0037990000 0.0147150000 -0.0920660000
-0.0081160000 -0.0461090000 0.0147880000
-0.0201260000 0.0162500000 0.0293030000
-0.0213960000 -0.0230280000 0.0157950000
-0.0098490000 -0.0032020000 0.0830700000
0.0203680000 0.0149400000 0.0264890000
0.0088020000 -0.0481040000 -0.0674460000
-0.0210530000 -0.0139740000 -0.0221190000
0.0187660000 -0.0310340000 0.0219830000
-0.0010810000 -0.0355730000 -0.0918910000
-0.0196530000 -0.0128220000 -0.0687910000
0.0250350000 0.0084000000 -0.0490650000
0.0046340000 -0.0229970000 0.0836240000
-0.0216120000 -0.0252220000 0.0565990000
0.0170280000 0.0029430000 0.0585540000
0.0105510000 -0.0473490000 -0.0211550000
-0.0031080000 0.0425400000 -0.0620060000
-0.0194330000 0.0219710000 -0.0054270000
0.0049300000 0.0436370000 0.0350800000
0.0240270000 -0.0127920000 -0.0412170000
0.0093450000 0.0420560000 -0.0367630000
0.0229950000 -0.0314870000 -0.0746260000
-0.0182800000 -0.0431780000 -0.0537820000
0.0255080000 0.0185200000 -0.0688560000
-0.0189090000 0.0321450000 0.0140520000
0.0237040000 0.0243120000 -0.0312370000
-0.0189870000 0.0319460000 0.0525700000
0.0165880000 0.0204000000 0.0707410000
0.0243540000 -0.0000160000 -0.0824420000
-0.0202920000 -0.0011210000 -0.0445660000
-0.0172060000 0.0355200000 -0.0213770000
0.0098340000 0.0429210000 -0.0002010000
-0.0182980000 0.0227510000 -0.0441500000
-0.0030900000 -0.0468070000 -0.0054610000
-0.0184130000 0.0045650000 -0.0814090000
-0.0216190000 0.0242370000 0.0802670000
-0.0217230000 -0.0073830000 0.0665860000
0.0181930000 0.0421670000 0.0611860000
0.0228110000 -0.0285670000 -0.0539880000
-0.0021740000 0.0437040000 0.0159970000
0.0041960000 0.0332160000 -0.0916310000
-0.0186850000 -0.0282290000 -0.0817150000
0.0014990000 0.0431580000 -0.0185950000
-0.0038050000 -0.0459110000 0.0468660000
-0.0055300000 -0.0402130000 0.0825520000
-0.0212530000 -0.0168430000 -0.0028140000
-0.0164130000 0.0291900000 -0.0682700000
0.0006400000 -0.0479140000 -0.0501150000
0.0153150000 -0.0411510000 0.0605160000
0.0174410000 -0.0264800000 0.0438650000
0.0073960000 -0.0013630000 -0.0922970000
0.0080880000 -0.0463500000 0.0243630000
-0.0202270000 -0.0314460000 -0.0294440000
-0.0005080000 0.0449090000 0.0763620000
0.0207160000 -0.0025300000 0.0198330000
-0.0235640000 -0.0435960000 0.0799470000
-0.0200460000 0.0072630000 0.0456550000
0.0227840000 -0.0105620000 -0.0132440000
-0.0207750000 0.0010300000 -0.0117550000
0.0204540000 -0.0298030000 -0.0044890000
0.0248580000 0.0371990000 -0.0910150000
0.0197100000 0.0324650000 0.0333110000
-0.0214450000 -0.0264320000 0.0330930000
-0.0171340000 0.0230140000 -0.0845980000
-0.0209260000 -0.0003090000 0.0236910000
0.0186630000 0.0092410000 0.0426180000
-0.0191680000 -0.0296950000 -0.0646940000
-0.0177870000 0.0451870000 0.0632000000
-0.0166740000 -0.0421590000 -0.0915440000
0.0228320000 0.0247740000 -0.0140570000
-0.0222580000 0.0072700000 0.0789740000
-0.0210590000 -0.0387770000 0.0220700000
0.0133010000 0.0420190000 -0.0605320000
0.0050740000 -0.0483230000 -0.0834900000
0.0219820000 -0.0306240000 -0.0378790000
-0.0072440000 -0.0459010000 0.0311580000
0.0175750000 0.0430880000 0.0450850000
0.0213450000 0.0328540000 0.0042750000
-0.0140790000 -0.0463240000 -0.0178650000
0.0229950000 0.0047410000 -0.0094510000
-0.0205040000 -0.0443180000 0.0052990000
-0.0202020000 0.0161940000 0.0134690000
0.0017030000 -0.0202150000 -0.0923320000
-0.0159740000 0.0347490000 -0.0537990000
-0.0219270000 -0.0406130000 0.0542710000
0.0245020000 0.0344510000 -0.0681750000
0.0206790000 -0.0428830000 -0.0591880000
