0.0222680000 -0.0157720000 -0.0099190000
-0.0197780000 0.0438660000 0.0809200000
-0.0112240000 0.0434380000 -0.0898880000
0.0111750000 -0.0459290000 0.0794650000
-0.0056750000 -0.0474280000 -0.0905770000
-0.0166380000 0.0429660000 0.0081880000
-0.0211380000 -0.0443200000 0.0255130000
0.0180940000 0.0072720000 0.0476310000
0.0228260000 0.0386150000 -0.0389040000
-0.0201740000 -0.0031430000 -0.0518570000
0.0238230000 -0.0000830000 -0.0865560000
-0.0223610000 -0.0071590000 0.0757840000
-0.0157160000 -0.0463010000 -0.0251120000
0.0218430000 -0.0352660000 -0.0536540000
-0.0210370000 -0.0035030000 0.0028060000
0.0218340000 0.0252980000 0.0021990000
0.0173110000 -0.0342300000 0.0393360000
-0.0171650000 0.0330570000 -0.0319740000
-0.0194430000 0.0233850000 0.0452090000
-0.0153200000 -0.0083060000 -0.0916310000
0.0180060000 0.0300590000 0.0808850000
0.0121930000 0.0432270000 0.0349990000
0.0245700000 0.0373370000 -0.0772470000
0.0152400000 -0.0080490000 0.0831310000
0.0249860000 0.0021760000 -0.0487970000
-0.0226000000 -0.0434280000 0.0631460000
0.0093990000 -0.0468630000 0.0048990000
-0.0186770000 -0.0376260000 -0.0591840000
-0.0210090000 -0.0110620000 0.0379190000
0.0225110000 -0.0323300000 -0.0858720000
-0.0021200000 0.0424950000 -0.0588770000
0.0204320000 -0.0088290000 0.0207670000
0.0157270000 -0.0473300000 -0.0255820000
-0.0180320000 0.0174850000 -0.0748310000
-0.0210150000 -0.0163170000 -0.0245650000
0.0053670000 0.0431630000 -0.0148030000
-0.0078710000 0.0169380000 0.0826870000
0.0015750000 0.0442720000 0.0616000000
-0.0209200000 -0.0319690000 -0.0004700000
0.0044740000 0.0196870000 -0.0920710000
0.0237510000 0.0099480000 -0.0213600000
-0.0194550000 0.0211890000 -0.0078840000
-0.0201170000 0.0181070000 0.0188170000
-0.0099480000 -0.0294470000 0.0827640000
0.0162720000 -0.0245900000 0.0632650000
0.0037770000 -0.0481070000 -0.0664730000
0.0016020000 -0.0459740000 0.0555500000
0.0233190000 -0.0186470000 -0.0349460000
-0.0128700000 0.0442980000 0.0331280000
0.0203710000 0.0207840000 0.0267640000
-0.0200460000 0.0086190000 -0.0297760000
0.0076270000 0.0431570000 0.0109780000
0.0243920000 -0.0153810000 -0.0678510000
-0.0186290000 -0.0298820000 -0.0814310000
0.0069380000 -0.0159140000 -0.0922990000
-0.0010510000 -0.0477150000 -0.0434580000
0.0249490000 0.0238040000 -0.0580520000
0.0181940000 0.0300070000 0.0534050000
-0.0184390000 0.0200030000 -0.0512340000
0.0023560000 -0.0462700000 0.0265970000
-0.0202840000 0.0032460000 0.0557440000
-0.0215450000 -0.0214690000 0.0579760000
0.0165080000 0.0101500000 0.0699620000
0.0190670000 -0.0308390000 0.0168810000
0.0222420000 0.0033840000 0.0012810000
-0.0214610000 -0.0232060000 0.0196420000
-0.0201190000 0.0276710000 0.0665190000
0.0016690000 0.0423250000 -0.0372940000
0.0182600000 -0.0131580000 0.0415970000
-0.0160050000 0.0422940000 -0.0129700000
-0.0181070000 0.0444350000 0.0537830000
0.0226390000 0.0307810000 -0.0186110000
0.0094770000 0.0405740000 -0.0914540000
-0.0195370000 -0.0116420000 -0.0712420000
-0.0199380000 -0.0310470000 -0.0392450000
0.0006720000 0.0411810000 0.0820550000
0.0249170000 0.0204880000 -0.0891390000
-0.0075870000 -0.0465820000 -0.0061860000
-0.0216490000 -0.0364990000 0.0439680000
0.0196180000 -0.0360830000 -0.0082900000
