-0.0083070000 0.0443440000 0.0382500000
0.0203880000 -0.0475730000 -0.0902780000
0.0103620000 -0.0459440000 0.0801340000
-0.0121440000 0.0422210000 -0.0613920000
-0.0205680000 -0.0361950000 -0.0071820000
0.0231570000 0.0139190000 -0.0120910000
-0.0215470000 0.0048020000 0.0812940000
-0.0199130000 -0.0157390000 -0.0619270000
0.0231930000 0.0091880000 -0.0910860000
0.0185900000 -0.0059100000 0.0408340000
0.0206300000 -0.0386320000 -0.0390430000
0.0174240000 0.0377570000 0.0817270000
-0.0216370000 -0.0365650000 0.0427840000
-0.0164520000 0.0419920000 -0.0096900000
-0.0209050000 0.0038550000 0.0175560000
0.0161950000 -0.0459590000 0.0185130000
-0.0204400000 0.0034990000 -0.0248990000
0.0246280000 0.0250350000 -0.0523730000
-0.0168460000 0.0137250000 -0.0893970000
0.0163130000 -0.0068010000 0.0816230000
-0.0201960000 0.0429380000 0.0751340000
-0.0174850000 -0.0409190000 -0.0908710000
0.0199770000 0.0420080000 0.0130670000
-0.0153930000 -0.0465360000 -0.0420830000
-0.0234540000 -0.0318100000 0.0803900000
0.0216140000 -0.0217440000 -0.0074960000
0.0108030000 0.0426420000 -0.0887740000
0.0241940000 -0.0182190000 -0.0680960000
0.0182740000 0.0268430000 0.0495600000
0.0127580000 0.0424720000 -0.0261020000
-0.0197040000 0.0145720000 0.0493880000
0.0242690000 -0.0058110000 -0.0378690000
0.0011720000 -0.0145470000 -0.0923510000
0.0162730000 -0.0368930000 0.0497430000
-0.0190560000 0.0137220000 -0.0538930000
0.0054950000 -0.0481180000 -0.0639290000
0.0070650000 -0.0472850000 -0.0139150000
0.0210450000 0.0127980000 0.0177780000
-0.0212540000 -0.0127090000 0.0587030000
-0.0120850000 -0.0458770000 0.0178570000
-0.0190260000 0.0316620000 0.0160210000
-0.0168390000 0.0340960000 -0.0358920000
-0.0206150000 -0.0215510000 -0.0343690000
0.0023160000 0.0161290000 0.0831770000
0.0199810000 -0.0199760000 0.0188080000
-0.0212870000 -0.0218740000 0.0213730000
0.0020770000 0.0442760000 0.0619240000
-0.0211940000 -0.0108120000 -0.0036140000
-0.0087650000 -0.0457800000 0.0626580000
-0.0136310000 0.0384050000 -0.0861150000
-0.0181450000 -0.0401120000 -0.0661420000
-0.0199070000 0.0167780000 -0.0040190000
0.0121170000 0.0422270000 -0.0645090000
0.0253740000 0.0058520000 -0.0666380000
0.0167980000 0.0062970000 0.0616670000
-0.0062760000 -0.0142600000 0.0831960000
0.0253920000 0.0281450000 -0.0775220000
0.0218930000 -0.0244430000 -0.0903670000
-0.0013490000 -0.0460300000 0.0381910000
0.0056260000 0.0431670000 -0.0044280000
0.0159130000 -0.0265340000 0.0698240000
-0.0184230000 -0.0080250000 -0.0834450000
0.0137240000 0.0431660000 0.0345930000
0.0045480000 0.0213050000 -0.0920570000
-0.0208200000 -0.0060210000 0.0374980000
-0.0011090000 0.0436940000 0.0177060000
0.0020440000 0.0419670000 -0.0450460000
-0.0188210000 0.0356640000 0.0549130000
0.0219710000 -0.0028080000 0.0032340000
0.0236510000 0.0248410000 -0.0308180000
0.0032740000 -0.0353170000 -0.0918000000
-0.0208600000 0.0226110000 0.0708450000
0.0220270000 -0.0383740000 -0.0719330000
0.0032790000 -0.0476540000 -0.0340440000
-0.0172720000 0.0240220000 -0.0711240000
-0.0026100000 0.0357220000 0.0820910000
-0.0204080000 -0.0037470000 -0.0440950000
-0.0127860000 -0.0464870000 -0.0223880000
0.0219740000 0.0338810000 -0.0106830000
0.0233420000 -0.0051460000 -0.0180210000
0.0225590000 -0.0226350000 -0.0269530000
0.0235200000 -0.0219120000 -0.0485310000
-0.0089990000 -0.0444820000 0.0818990000
-0.0195270000 0.0273210000 0.0349330000
0.0185460000 -0.0401870000 0.0002740000
0.0214500000 0.0414420000 -0.0431340000
0.0195110000 0.0126850000 0.0369460000
-0.0062440000 -0.0465240000 -0.0001970000
-0.0221520000 -0.0317760000 0.0615100000
0.0166100000 0.0240950000 0.0688360000
-0.0189310000 -0.0261780000 -0.0788160000
-0.0039140000 -0.0480020000 -0.0802150000
0.0168880000 -0.0120150000 0.0582770000
-0.0191060000 0.0054210000 -0.0704870000
-0.0190660000 0.0217490000 -0.0221450000
0.0178980000 -0.0331980000 0.0316890000
0.0238990000 -0.0073920000 -0.0833300000
-0.0195990000 -0.0307540000 -0.0503580000
-0.0054740000 0.0431630000 -0.0245890000
0.0021110000 -0.0302590000 0.0833650000
