-0.0179570000 0.0110420000 -0.0838140000
0.0070980000 -0.0441450000 0.0827770000
0.0195760000 0.0422840000 0.0152310000
0.0163320000 -0.0470940000 -0.0168690000
-0.0212140000 0.0288150000 0.0806770000
0.0205540000 -0.0478480000 -0.0894490000
-0.0212510000 -0.0118360000 0.0267540000
0.0226730000 0.0408600000 -0.0470970000
-0.0201000000 0.0086030000 -0.0266470000
-0.0189380000 -0.0357940000 -0.0559620000
0.0170000000 0.0011740000 0.0591580000
0.0246710000 -0.0093650000 -0.0562530000
0.0157340000 -0.0456570000 0.0333440000
0.0225960000 -0.0010640000 -0.0047850000
0.0242720000 0.0276480000 -0.0911120000
-0.0192620000 0.0325100000 0.0359170000
-0.0223250000 -0.0139100000 0.0710410000
0.0171180000 0.0432440000 0.0677880000
-0.0208730000 -0.0295620000 -0.0107890000
-0.0165990000 0.0422800000 -0.0037340000
-0.0209370000 -0.0451310000 0.0475140000
-0.0155850000 0.0366450000 -0.0537630000
-0.0117770000 -0.0258960000 -0.0923020000
0.0156490000 -0.0477920000 -0.0532400000
0.0198480000 -0.0078710000 -0.0916570000
-0.0067300000 0.0441440000 -0.0883780000
0.0196710000 -0.0120880000 0.0274660000
0.0225210000 0.0302660000 -0.0155220000
-0.0119410000 -0.0458640000 0.0160330000
-0.0203770000 0.0117830000 0.0052500000
-0.0200480000 -0.0038400000 -0.0560120000
-0.0236750000 -0.0433310000 0.0803540000
0.0075350000 0.0181080000 0.0832110000
0.0190890000 0.0266420000 0.0417120000
0.0055130000 -0.0131990000 0.0836170000
0.0163350000 -0.0289160000 0.0582560000
0.0228770000 -0.0203540000 -0.0286170000
-0.0007140000 0.0429080000 -0.0287660000
-0.0198490000 0.0117550000 0.0567110000
-0.0092070000 -0.0469050000 -0.0307180000
-0.0103860000 0.0451120000 0.0599960000
0.0195420000 -0.0318680000 0.0069350000
0.0253900000 0.0183320000 -0.0644020000
0.0244750000 0.0108820000 -0.0366760000
-0.0045730000 -0.0479190000 -0.0767720000
0.0210560000 0.0140760000 0.0177880000
0.0140720000 0.0423360000 -0.0718210000
-0.0206860000 -0.0194250000 -0.0350830000
0.0233510000 -0.0280490000 -0.0735740000
-0.0051900000 0.0438320000 0.0185470000
-0.0137820000 0.0056510000 0.0827280000
0.0051510000 0.0126480000 -0.0922170000
-0.0051300000 -0.0467380000 -0.0067730000
-0.0019090000 0.0425640000 0.0818720000
0.0028920000 0.0437670000 0.0406570000
-0.0012700000 -0.0459140000 0.0603090000
0.0066530000 0.0431110000 -0.0044060000
-0.0210980000 -0.0063760000 -0.0089970000
-0.0212350000 -0.0198030000 0.0489460000
-0.0203800000 0.0109060000 0.0283600000
-0.0194450000 -0.0195310000 -0.0720770000
0.0103190000 -0.0280870000 -0.0919040000
-0.0179260000 0.0306420000 -0.0222800000
-0.0212770000 -0.0267220000 0.0108210000
-0.0190120000 0.0160760000 -0.0473380000
0.0168630000 0.0220660000 0.0642060000
-0.0160260000 0.0302080000 -0.0743690000
-0.0068480000 -0.0051510000 -0.0923220000
-0.0100980000 -0.0273320000 0.0828420000
0.0190310000 0.0057050000 0.0387130000
0.0227170000 -0.0284450000 -0.0482730000
-0.0214680000 -0.0326590000 0.0310270000
-0.0192180000 0.0292850000 0.0157490000
-0.0051430000 -0.0459390000 0.0350400000
0.0037720000 0.0422030000 -0.0546780000
0.0249630000 0.0095840000 -0.0825880000
0.0086190000 -0.0465940000 0.0148130000
-0.0039060000 -0.0476750000 -0.0502550000
0.0218300000 -0.0202990000 -0.0087260000
-0.0223410000 -0.0325390000 0.0636580000
-0.0169550000 -0.0446600000 -0.0914710000
0.0166810000 0.0017720000 0.0785770000
0.0178690000 -0.0271910000 0.0390310000
0.0095770000 -0.0476900000 -0.0352190000
0.0217630000 0.0258280000 0.0029080000
-0.0204750000 -0.0016960000 0.0433490000
-0.0085980000 0.0255880000 -0.0917960000
0.0141340000 -0.0480640000 -0.0719150000
0.0115650000 0.0412730000 -0.0906040000
0.0155700000 -0.0284770000 0.0774360000
