-0.0161410000 -0.0258290000 -0.0915490000
0.0162860000 0.0429710000 0.0821030000
-0.0198180000 -0.0451890000 0.0203810000
0.0210080000 0.0418550000 -0.0218430000
0.0144370000 -0.0300530000 0.0831090000
-0.0022040000 0.0437870000 -0.0889730000
0.0221060000 -0.0282990000 -0.0322070000
-0.0198310000 0.0223810000 0.0285970000
-0.0196980000 0.0087160000 -0.0456900000
0.0205360000 -0.0105270000 0.0178740000
-0.0222960000 0.0073590000 0.0799740000
0.0250810000 0.0017890000 -0.0746230000
-0.0180170000 -0.0456670000 -0.0489970000
0.0204430000 -0.0468030000 -0.0739470000
0.0191850000 0.0420420000 0.0374670000
-0.0211650000 -0.0082970000 -0.0044650000
-0.0225160000 -0.0438750000 0.0640850000
0.0170780000 0.0045150000 0.0580410000
0.0157620000 -0.0446920000 0.0432730000
-0.0179480000 0.0332190000 -0.0113610000
-0.0189990000 0.0436460000 0.0627470000
0.0155860000 -0.0467720000 0.0022740000
0.0238000000 0.0386780000 -0.0604850000
-0.0209750000 -0.0122960000 0.0429690000
-0.0180370000 0.0104880000 -0.0833610000
0.0234060000 0.0049780000 -0.0158370000
-0.0113850000 0.0425460000 -0.0542500000
-0.0150720000 -0.0461690000 -0.0142170000
0.0213800000 0.0270310000 0.0082290000
0.0250950000 0.0289660000 -0.0902050000
0.0147150000 -0.0223900000 -0.0919960000
-0.0198730000 -0.0177300000 -0.0620130000
0.0248810000 0.0120800000 -0.0455170000
-0.0039770000 0.0437300000 0.0135420000
-0.0207330000 -0.0202680000 -0.0320950000
-0.0147590000 -0.0219450000 0.0829250000
0.0061500000 0.0153320000 0.0832820000
-0.0077990000 -0.0476770000 -0.0755590000
0.0236740000 -0.0227570000 -0.0597150000
0.0098160000 -0.0479330000 -0.0477370000
0.0198620000 0.0134100000 0.0320680000
-0.0198130000 0.0124830000 0.0536750000
0.0180010000 -0.0178870000 0.0434610000
0.0214990000 -0.0221760000 -0.0061850000
0.0069200000 0.0087960000 -0.0922310000
-0.0072300000 0.0442190000 0.0393730000
0.0032350000 -0.0459610000 0.0658920000
-0.0215680000 -0.0196750000 0.0184670000
-0.0034260000 0.0429080000 -0.0299960000
0.0175280000 0.0300950000 0.0600970000
0.0088460000 -0.0473830000 -0.0222430000
-0.0092280000 -0.0457510000 0.0429550000
-0.0201770000 0.0145960000 0.0048570000
-0.0200710000 0.0105000000 -0.0206280000
-0.0126010000 0.0306560000 0.0820350000
0.0164130000 -0.0062210000 0.0804320000
0.0183870000 -0.0339890000 0.0221260000
-0.0157560000 0.0314530000 -0.0742940000
0.0027900000 0.0432720000 -0.0081070000
-0.0217010000 -0.0095680000 0.0652500000
0.0069740000 -0.0429250000 -0.0912830000
-0.0108070000 -0.0434960000 0.0825510000
0.0241040000 -0.0067570000 -0.0345840000
-0.0210200000 -0.0297250000 -0.0010130000
