-0.0194740000 -0.0371870000 -0.0382060000
0.0162860000 0.0429710000 0.0821030000
0.0245310000 0.0402410000 -0.0908330000
-0.0213540000 -0.0448710000 0.0597220000
-0.0006780000 0.0434130000 -0.0052270000
0.0204740000 -0.0184010000 0.0133360000
0.0215460000 -0.0271390000 -0.0906010000
-0.0198350000 0.0138310000 0.0437060000
-0.0184100000 0.0189880000 -0.0563760000
0.0158420000 -0.0118290000 0.0824950000
0.0242280000 -0.0075150000 -0.0388300000
-0.0204300000 -0.0448370000 0.0101270000
-0.0208500000 -0.0000470000 -0.0077480000
0.0194330000 0.0371750000 0.0363170000
0.0230390000 0.0393280000 -0.0445520000
-0.0166380000 -0.0462350000 -0.0809340000
0.0179040000 -0.0462940000 -0.0191610000
-0.0150180000 -0.0047880000 -0.0916810000
0.0156870000 -0.0448480000 0.0435790000
-0.0212970000 0.0293670000 0.0806060000
0.0155130000 -0.0478580000 -0.0580800000
-0.0224850000 -0.0094170000 0.0760070000
-0.0139650000 0.0371450000 -0.0902220000
0.0181180000 0.0003140000 0.0464620000
0.0228450000 0.0139390000 -0.0076220000
0.0253660000 0.0072230000 -0.0731600000
0.0077710000 -0.0462310000 0.0799520000
-0.0153230000 0.0442630000 0.0266500000
-0.0213290000 -0.0194800000 0.0340300000
-0.0200200000 -0.0135010000 -0.0602930000
-0.0083460000 0.0427050000 -0.0366510000
-0.0046670000 0.0445430000 0.0573910000
