0.0243860000 -0.0153880000 -0.0669920000
-0.0176070000 0.0440840000 0.0816290000
0.0145070000 -0.0461940000 0.0347170000
-0.0158290000 0.0426570000 -0.0093530000
-0.0112170000 0.0437940000 -0.0894460000
-0.0189130000 -0.0454120000 -0.0243000000
-0.0226150000 -0.0205890000 0.0814100000
0.0194530000 0.0173150000 0.0371660000
-0.0168190000 -0.0464770000 -0.0911770000
0.0227140000 -0.0100930000 -0.0115250000
0.0234240000 0.0368460000 -0.0475970000
-0.0214770000 -0.0107200000 0.0179910000
-0.0200270000 0.0039140000 -0.0453430000
0.0158980000 0.0061960000 0.0826150000
-0.0184110000 0.0428840000 0.0360810000
-0.0116880000 -0.0014830000 -0.0921530000
0.0138810000 -0.0446830000 0.0785080000
0.0248480000 0.0210500000 -0.0896260000
0.0189450000 -0.0463150000 -0.0403910000
0.0217730000 0.0299950000 -0.0011650000
-0.0200530000 0.0072380000 0.0532730000
-0.0218620000 -0.0439300000 0.0497130000
0.0177500000 0.0426000000 0.0662620000
-0.0144820000 0.0413880000 -0.0511220000
0.0212920000 -0.0463140000 -0.0892650000
0.0123040000 -0.0470070000 -0.0031870000
-0.0193330000 -0.0307580000 -0.0578950000
0.0172350000 -0.0151260000 0.0533350000
-0.0199010000 -0.0453220000 0.0111740000
-0.0203880000 0.0084250000 -0.0108940000
0.0200650000 -0.0169590000 0.0206020000
0.0246580000 0.0041050000 -0.0405280000
0.0096660000 0.0431940000 0.0239480000
-0.0138600000 0.0134970000 0.0825590000
-0.0201590000 0.0193000000 0.0172080000
-0.0179070000 0.0194300000 -0.0717360000
0.0035460000 -0.0480960000 -0.0658870000
0.0134180000 0.0424370000 -0.0740470000
0.0109510000 -0.0193720000 -0.0921570000
-0.0211640000 -0.0206800000 -0.0097200000
0.0090200000 0.0427990000 -0.0236140000
0.0049900000 -0.0191890000 0.0836420000
-0.0132080000 -0.0453420000 0.0758230000
-0.0183290000 0.0257780000 -0.0304680000
0.0254400000 0.0155690000 -0.0640480000
-0.0211800000 -0.0182200000 0.0456390000
-0.0196230000 -0.0071640000 -0.0684880000
0.0231860000 -0.0211520000 -0.0375250000
0.0214490000 0.0085040000 0.0124090000
-0.0206860000 -0.0194250000 -0.0350830000
-0.0068470000 0.0448250000 0.0586460000
0.0022830000 -0.0459600000 0.0564320000
0.0053640000 0.0291270000 0.0830310000
-0.0008440000 0.0207060000 -0.0919330000
0.0169870000 0.0185660000 0.0615290000
0.0235280000 0.0225010000 -0.0245110000
-0.0053040000 -0.0474750000 -0.0440620000
-0.0183710000 -0.0236820000 -0.0858250000
-0.0116730000 0.0439350000 0.0137460000
-0.0083280000 -0.0458540000 0.0309090000
