-0.0160740000 0.0415050000 -0.0212260000
0.0103160000 -0.0447220000 0.0817030000
0.0203880000 -0.0475730000 -0.0902780000
-0.0178310000 0.0451490000 0.0732420000
-0.0099470000 -0.0464240000 -0.0054980000
0.0245730000 0.0338630000 -0.0911450000
0.0202310000 0.0072560000 0.0279990000
0.0243840000 -0.0047480000 -0.0396870000
-0.0188110000 -0.0043940000 -0.0796820000
-0.0209730000 -0.0068210000 0.0595910000
-0.0141130000 -0.0468730000 -0.0548050000
-0.0209000000 -0.0000510000 0.0034870000
0.0173780000 0.0130420000 0.0813670000
0.0167930000 -0.0404180000 0.0342550000
-0.0103920000 0.0440490000 0.0260380000
-0.0140700000 0.0402750000 -0.0671890000
0.0228510000 0.0400040000 -0.0426020000
-0.0202860000 0.0022730000 -0.0384290000
0.0212320000 0.0377470000 -0.0009060000
0.0241420000 -0.0066670000 -0.0816170000
0.0213640000 -0.0207990000 -0.0020520000
-0.0212100000 -0.0449240000 0.0466680000
0.0182710000 0.0425700000 0.0540820000
0.0187810000 -0.0458970000 -0.0328780000
-0.0165440000 -0.0400050000 -0.0916060000
0.0169490000 -0.0130610000 0.0573270000
-0.0236280000 -0.0350800000 0.0805970000
-0.0201730000 0.0130830000 0.0333560000
-0.0215920000 -0.0286340000 0.0186510000
0.0226140000 -0.0321950000 -0.0621770000
-0.0145340000 0.0145940000 0.0824900000
-0.0049200000 0.0220780000 -0.0918580000
-0.0204120000 -0.0286830000 -0.0296120000
-0.0005270000 -0.0135300000 0.0834320000
0.0231870000 0.0083330000 -0.0118510000
0.0253710000 0.0178590000 -0.0635150000
0.0104010000 0.0422960000 0.0828260000
-0.0189580000 0.0286740000 0.0039010000
0.0153840000 -0.0466780000 0.0069500000
-0.0200230000 -0.0196070000 -0.0561580000
