0.0213720000 0.0414340000 -0.0451780000
-0.0217830000 -0.0439640000 0.0821050000
-0.0163450000 -0.0468330000 -0.0911430000
0.0175830000 0.0430600000 0.0543240000
0.0181250000 -0.0432630000 -0.0035410000
-0.0201640000 0.0142820000 0.0033020000
-0.0158170000 0.0169880000 -0.0908240000
0.0241700000 -0.0171560000 -0.0575880000
0.0175820000 -0.0155220000 0.0486480000
-0.0219200000 0.0125150000 0.0804990000
-0.0191770000 -0.0399220000 -0.0396890000
-0.0210760000 -0.0447050000 0.0302740000
0.0205100000 0.0416720000 0.0043550000
-0.0198190000 0.0076980000 -0.0440520000
0.0244700000 0.0395780000 -0.0911490000
0.0233470000 0.0004770000 -0.0156780000
-0.0181110000 0.0430820000 0.0330750000
-0.0205180000 -0.0013900000 0.0415990000
-0.0139930000 0.0429130000 -0.0247560000
0.0170000000 0.0062000000 0.0815880000
