-0.0191880000 0.0262760000 0.0535380000
0.0203880000 -0.0475730000 -0.0902780000
-0.0125950000 0.0424080000 -0.0493210000
0.0162710000 -0.0464900000 0.0042840000
0.0038790000 -0.0441480000 0.0829740000
0.0220070000 0.0191480000 0.0029500000
-0.0202690000 -0.0227710000 -0.0447320000
0.0235090000 0.0144540000 -0.0910970000
-0.0214390000 -0.0261550000 0.0374190000
0.0166340000 0.0048550000 0.0821720000
0.0247070000 -0.0006150000 -0.0433370000
-0.0151480000 -0.0140980000 -0.0916900000
-0.0208860000 -0.0003220000 -0.0027540000
0.0191660000 -0.0462990000 -0.0441100000
-0.0161350000 0.0433920000 0.0111080000
0.0187570000 -0.0068200000 0.0392270000
0.0189930000 0.0422480000 0.0398760000
-0.0226640000 -0.0110500000 0.0775740000
-0.0144680000 0.0333010000 -0.0907650000
0.0068790000 0.0446910000 0.0795240000
0.0132900000 -0.0461270000 0.0442610000
0.0222800000 0.0402430000 -0.0306100000
-0.0203180000 -0.0399020000 -0.0091070000
-0.0139930000 -0.0471120000 -0.0731510000
-0.0191850000 0.0091430000 -0.0633660000
0.0196940000 0.0416360000 -0.0669230000
0.0223350000 -0.0142240000 -0.0099110000
0.0242260000 -0.0162980000 -0.0745500000
-0.0182830000 0.0289500000 -0.0191650000
-0.0205770000 0.0052130000 0.0290650000
