-0.0200710000 -0.0195660000 -0.0540860000
0.0165190000 0.0428870000 0.0820880000
-0.0203590000 -0.0452750000 0.0451730000
0.0207040000 0.0417880000 -0.0058430000
0.0247170000 0.0403190000 -0.0905560000
0.0208340000 -0.0260450000 -0.0028010000
-0.0198650000 0.0181550000 0.0363700000
0.0206720000 -0.0473900000 -0.0902050000
0.0155880000 -0.0165420000 0.0827450000
-0.0156360000 0.0373810000 -0.0501310000
0.0248410000 0.0051140000 -0.0450550000
-0.0204980000 0.0061100000 -0.0117430000
-0.0146580000 0.0113700000 -0.0914410000
0.0157920000 -0.0476480000 -0.0437160000
-0.0196140000 -0.0448920000 -0.0143050000
-0.0189190000 0.0137280000 0.0820330000
0.0188360000 -0.0061800000 0.0383790000
0.0192930000 0.0385330000 0.0382720000
0.0236070000 -0.0053060000 -0.0860770000
-0.0228260000 -0.0283310000 0.0815850000
-0.0168840000 -0.0337640000 -0.0913620000
-0.0172160000 0.0421220000 0.0051430000
0.0163150000 -0.0447940000 0.0313600000
-0.0213800000 -0.0165340000 0.0194610000
-0.0154180000 0.0455290000 0.0619670000
0.0214460000 0.0414320000 -0.0529810000
0.0218400000 0.0085270000 0.0068790000
0.0081240000 -0.0459470000 0.0652300000
0.0165430000 0.0131050000 0.0661560000
-0.0208960000 -0.0111360000 0.0528530000
-0.0085630000 0.0442400000 -0.0889260000
-0.0084210000 -0.0474970000 -0.0640410000
-0.0103490000 -0.0459750000 0.0154560000
0.0237260000 -0.0222020000 -0.0594890000
-0.0198170000 0.0084310000 -0.0421040000
-0.0047800000 0.0432820000 -0.0224450000
0.0255330000 0.0188830000 -0.0706110000
-0.0082290000 0.0441440000 0.0325720000
0.0230630000 -0.0193610000 -0.0305100000
-0.0209440000 -0.0187080000 -0.0255040000
0.0235010000 0.0175830000 -0.0197350000
0.0086540000 -0.0473390000 -0.0168630000
-0.0188640000 -0.0424050000 -0.0404800000
0.0109440000 0.0166740000 -0.0921560000
-0.0014650000 -0.0110980000 -0.0923480000
-0.0193840000 0.0025480000 -0.0675470000
-0.0201220000 0.0173880000 0.0109790000
0.0167090000 -0.0239600000 0.0562310000
-0.0078720000 -0.0084850000 0.0831570000
0.0098760000 0.0430810000 0.0160860000
