0.0213960000 -0.0161060000 0.0028460000
-0.0112240000 0.0434380000 -0.0898880000
-0.0196760000 0.0440800000 0.0808240000
0.0203680000 -0.0479330000 -0.0890410000
-0.0133300000 -0.0451080000 0.0799550000
-0.0157050000 0.0423000000 -0.0176830000
-0.0203670000 -0.0163110000 -0.0482430000
0.0195890000 0.0388230000 0.0330890000
-0.0205880000 -0.0025930000 0.0408400000
0.0248900000 0.0192310000 -0.0517590000
0.0166300000 0.0017250000 0.0819380000
-0.0202270000 -0.0451120000 0.0115500000
0.0186510000 -0.0465130000 -0.0374710000
0.0073960000 -0.0013630000 -0.0922970000
0.0161060000 -0.0425380000 0.0424320000
-0.0209230000 -0.0013040000 -0.0049380000
0.0225440000 0.0250070000 -0.0091810000
-0.0182360000 -0.0334500000 -0.0859780000
-0.0177990000 0.0238430000 -0.0544820000
-0.0188100000 0.0334890000 0.0217120000
-0.0224870000 -0.0061290000 0.0806370000
0.0188440000 -0.0006400000 0.0393360000
0.0175050000 0.0411210000 0.0714320000
0.0255170000 0.0323450000 -0.0886410000
0.0241580000 -0.0181920000 -0.0622940000
-0.0177390000 -0.0461570000 -0.0257860000
-0.0217170000 -0.0376550000 0.0461180000
0.0238730000 -0.0067780000 -0.0297360000
0.0094710000 -0.0470770000 -0.0047910000
-0.0074530000 -0.0475110000 -0.0576920000
0.0156060000 -0.0299370000 0.0734840000
-0.0074170000 0.0445230000 0.0504620000
0.0118200000 0.0421690000 -0.0339930000
-0.0190430000 0.0000450000 -0.0753270000
0.0072170000 0.0425140000 -0.0648270000
-0.0200750000 0.0188060000 0.0631470000
0.0041930000 0.0432830000 0.0054700000
-0.0201100000 0.0071100000 -0.0316930000
-0.0215160000 -0.0177830000 0.0175480000
-0.0007590000 0.0233440000 0.0826530000
0.0211110000 0.0152070000 0.0167820000
0.0170800000 0.0170260000 0.0596730000
0.0252660000 0.0055690000 -0.0741440000
-0.0209580000 -0.0205520000 -0.0225750000
0.0206530000 -0.0441460000 -0.0632600000
-0.0100730000 0.0175980000 -0.0919760000
0.0226070000 -0.0216930000 -0.0881820000
0.0181940000 -0.0374060000 0.0172060000
0.0212990000 -0.0293830000 -0.0192140000
-0.0207610000 0.0085260000 0.0180680000
-0.0193400000 0.0237620000 -0.0014260000
-0.0048990000 -0.0460150000 0.0301930000
-0.0024730000 -0.0459010000 0.0585150000
-0.0215060000 -0.0176520000 0.0594100000
-0.0006140000 -0.0152850000 0.0834520000
-0.0111270000 0.0426310000 -0.0413840000
0.0171560000 -0.0207390000 0.0515940000
-0.0009920000 -0.0481530000 -0.0799010000
-0.0196530000 0.0210050000 0.0405210000
0.0229510000 0.0027360000 -0.0089840000
0.0006800000 -0.0236490000 -0.0922770000
0.0240340000 0.0163010000 -0.0295590000
-0.0210740000 -0.0278090000 -0.0018960000
0.0197640000 -0.0167430000 0.0245850000
-0.0010820000 0.0437750000 0.0288130000
-0.0140140000 0.0401860000 -0.0684780000
0.0228170000 -0.0257570000 -0.0420690000
-0.0191170000 -0.0304910000 -0.0641950000
0.0231790000 0.0402090000 -0.0513400000
-0.0231950000 -0.0267930000 0.0786850000
