0.0148140000 0.0418580000 -0.0585030000
-0.0215460000 -0.0439730000 0.0821690000
0.0181000000 0.0429150000 0.0442190000
-0.0186050000 -0.0458500000 -0.0194560000
0.0211630000 -0.0337670000 -0.0906000000
0.0187230000 -0.0234560000 0.0319400000
-0.0196580000 0.0194750000 -0.0057400000
-0.0215890000 0.0161860000 0.0807540000
-0.0198900000 -0.0048200000 -0.0613250000
0.0235750000 -0.0096160000 -0.0266250000
0.0161400000 -0.0139060000 0.0792300000
0.0211760000 0.0411670000 -0.0122210000
-0.0205520000 0.0002930000 0.0371920000
0.0111740000 0.0112550000 -0.0922080000
-0.0210780000 -0.0444560000 0.0260880000
0.0157470000 -0.0477350000 -0.0484110000
