-0.0318460000 -0.0089050000 0.0385820000
0.0280600000 0.0147090000 -0.0589620000
0.0318610000 0.0082040000 0.0119210000
-0.0242330000 -0.0226510000 -0.0300880000
-0.0109210000 0.0331120000 -0.0193840000
-0.0025480000 0.0351920000 0.0419780000
0.0144120000 -0.0283780000 0.0417790000
0.0247100000 -0.0219540000 -0.0261620000
-0.0291650000 0.0145880000 -0.0590150000
-0.0108180000 -0.0288280000 0.0088530000
-0.0328570000 0.0045500000 -0.0002610000
0.0028460000 -0.0295620000 -0.0589140000
0.0251080000 0.0223160000 -0.0221820000
-0.0005500000 0.0346980000 -0.0533010000
0.0085170000 0.0337530000 0.0091910000
0.0001920000 0.0019080000 0.0361640000
0.0220100000 -0.0233420000 0.0073520000
0.0271580000 0.0210130000 0.0417900000
-0.0270290000 0.0208670000 0.0271890000
-0.0007810000 0.0016570000 -0.0550980000
-0.0329030000 0.0061730000 -0.0303690000
-0.0268930000 -0.0154190000 -0.0590650000
0.0281030000 -0.0147570000 -0.0548900000
0.0320310000 -0.0064650000 0.0364770000
-0.0132840000 -0.0293970000 0.0417600000
-0.0005590000 -0.0284900000 -0.0172000000
0.0324080000 -0.0015340000 -0.0121280000
-0.0169600000 0.0302960000 0.0054980000
0.0325210000 0.0028490000 -0.0369990000
-0.0277590000 -0.0187740000 -0.0058920000
-0.0217770000 0.0268200000 -0.0398320000
-0.0287810000 -0.0166130000 0.0170520000
0.0083200000 0.0337160000 -0.0323700000
-0.0053220000 -0.0297370000 -0.0385600000
-0.0276150000 0.0201670000 -0.0145800000
0.0067520000 -0.0300130000 0.0214460000
0.0242790000 0.0233650000 -0.0006790000
0.0230540000 0.0246710000 0.0214710000
0.0098130000 0.0332660000 -0.0117410000
0.0161160000 -0.0268350000 -0.0438270000
-0.0332750000 0.0027790000 0.0200800000
-0.0069570000 0.0343110000 0.0224680000
0.0233070000 0.0243300000 -0.0422230000
-0.0191290000 0.0059010000 0.0370050000
0.0082910000 0.0197650000 0.0368180000
-0.0104640000 0.0183300000 -0.0559510000
0.0239920000 -0.0210490000 0.0267130000
0.0093840000 0.0181920000 -0.0558250000
-0.0333180000 -0.0007990000 -0.0481680000
0.0000570000 -0.0169740000 0.0366740000
0.0058580000 -0.0293550000 0.0003800000
-0.0084080000 -0.0152070000 -0.0558010000
-0.0198800000 0.0289570000 0.0419190000
0.0175340000 0.0002980000 -0.0552200000
0.0312520000 -0.0096920000 0.0146940000
-0.0327810000 -0.0045490000 -0.0157930000
0.0180250000 0.0046370000 0.0370850000
0.0272270000 -0.0184850000 -0.0089740000
-0.0286180000 0.0181160000 0.0100160000
-0.0169400000 -0.0267700000 0.0249660000
-0.0200000000 -0.0255650000 -0.0465360000
-0.0179900000 0.0020020000 -0.0552820000
0.0094230000 0.0335120000 0.0268370000
0.0085800000 -0.0139970000 -0.0554010000
0.0312930000 0.0106240000 0.0286250000
-0.0153580000 -0.0103830000 0.0370090000
-0.0170040000 -0.0273580000 -0.0155110000
-0.0082110000 0.0184080000 0.0365870000
-0.0070750000 0.0340550000 -0.0382810000
-0.0046420000 0.0347070000 -0.0041990000
