0.0257250000 -0.0199640000 -0.0416810000
-0.0266910000 0.0226730000 0.0420740000
0.0277730000 -0.0165030000 0.0270370000
-0.0236970000 0.0244800000 -0.0582650000
-0.0292470000 -0.0162820000 -0.0087190000
0.0107910000 0.0329650000 -0.0070340000
-0.0187110000 -0.0265030000 0.0419360000
-0.0206650000 -0.0241630000 -0.0564390000
0.0205010000 0.0282130000 0.0414450000
0.0230180000 0.0237840000 -0.0579190000
0.0088440000 -0.0287210000 -0.0064060000
-0.0260670000 0.0221940000 -0.0183160000
0.0323890000 0.0014270000 -0.0103270000
0.0000980000 0.0014270000 0.0361620000
-0.0332150000 -0.0034910000 0.0221090000
-0.0160810000 0.0308040000 0.0119540000
-0.0004360000 0.0349640000 -0.0378840000
-0.0007810000 0.0016570000 -0.0550980000
-0.0332550000 -0.0001420000 -0.0398720000
0.0307580000 0.0122060000 0.0179110000
-0.0108650000 -0.0289160000 -0.0287790000
-0.0134060000 -0.0282910000 0.0129090000
0.0252750000 0.0219880000 -0.0292600000
0.0088980000 -0.0306110000 0.0417730000
0.0063330000 -0.0287200000 -0.0590760000
-0.0042210000 0.0348200000 0.0350540000
0.0326870000 0.0000750000 -0.0562580000
0.0327880000 0.0036440000 0.0418510000
0.0136070000 0.0317640000 0.0177640000
-0.0325150000 0.0071140000 -0.0000470000
0.0275770000 -0.0175130000 0.0032930000
0.0101880000 -0.0291260000 0.0175460000
0.0326380000 0.0005290000 -0.0333040000
0.0259650000 -0.0204330000 -0.0191460000
0.0031780000 0.0325980000 -0.0592260000
-0.0080150000 0.0339980000 -0.0174570000
-0.0315740000 -0.0096160000 0.0424340000
0.0267250000 0.0201130000 -0.0016370000
-0.0292150000 0.0172480000 0.0215030000
-0.0202300000 0.0282290000 -0.0374970000
-0.0122100000 -0.0284580000 -0.0080200000
-0.0281940000 -0.0174460000 -0.0295610000
0.0094290000 -0.0267240000 -0.0311520000
-0.0205860000 -0.0035880000 -0.0555010000
-0.0332060000 0.0007780000 -0.0195300000
0.0152150000 -0.0102510000 -0.0555070000
-0.0193550000 0.0050160000 0.0370170000
-0.0254770000 -0.0205910000 0.0253390000
-0.0031730000 -0.0171070000 0.0368730000
0.0163330000 0.0106870000 0.0370440000
-0.0066120000 -0.0301250000 -0.0464150000
0.0135840000 -0.0104430000 0.0364870000
0.0161460000 0.0075630000 -0.0551300000
0.0163950000 0.0299650000 -0.0424120000
-0.0073060000 0.0181590000 -0.0554640000
0.0297690000 0.0140160000 -0.0448060000
0.0114410000 0.0325750000 -0.0250180000
-0.0298480000 -0.0150790000 0.0088810000
-0.0323540000 0.0095230000 -0.0547610000
-0.0071660000 0.0175290000 0.0364810000
0.0322490000 -0.0050680000 0.0146190000
0.0002940000 0.0350720000 0.0067370000
-0.0045380000 -0.0153580000 -0.0553030000
-0.0254780000 0.0229470000 -0.0007210000
-0.0040180000 -0.0307650000 0.0267870000
-0.0302550000 0.0153740000 -0.0334340000
-0.0186030000 0.0292050000 0.0285420000
-0.0293680000 -0.0148440000 -0.0463720000
0.0229660000 -0.0225730000 0.0416440000
-0.0112190000 0.0328890000 -0.0500650000
0.0239840000 0.0237290000 0.0265390000
-0.0170160000 -0.0104140000 0.0371340000
-0.0116930000 0.0329800000 -0.0025380000
0.0292700000 0.0152570000 -0.0159910000
-0.0338210000 0.0056820000 0.0417110000
-0.0204790000 -0.0254410000 -0.0400370000
0.0065010000 0.0241670000 0.0368950000
-0.0000220000 -0.0299090000 0.0060410000
0.0319280000 0.0066970000 0.0038070000
0.0134900000 -0.0277240000 -0.0457750000
0.0006610000 -0.0286000000 -0.0188630000
-0.0219240000 -0.0248990000 -0.0185740000
-0.0045640000 0.0346990000 0.0204770000
0.0072710000 0.0189960000 -0.0558200000
0.0310060000 -0.0106260000 0.0401560000
0.0327390000 0.0015510000 0.0273960000
-0.0054040000 -0.0317370000 0.0410340000
0.0240750000 0.0234900000 0.0121580000
0.0290890000 -0.0136140000 -0.0540800000
0.0205190000 0.0269830000 -0.0155490000
0.0316140000 -0.0074420000 -0.0214050000
-0.0218980000 -0.0243530000 0.0016750000
0.0292830000 0.0172620000 0.0394810000
0.0167030000 -0.0265950000 0.0052300000
0.0194680000 -0.0232700000 -0.0586450000
0.0177240000 -0.0260700000 0.0289770000
-0.0156170000 0.0311320000 0.0423620000
-0.0186960000 0.0102010000 -0.0558390000
-0.0279970000 0.0197190000 -0.0463120000
0.0305400000 -0.0118550000 -0.0086820000
-0.0326250000 0.0066760000 0.0133760000
0.0215730000 -0.0238950000 -0.0069780000
0.0141980000 -0.0271710000 -0.0185480000
0.0236610000 -0.0217830000 0.0154820000
-0.0327080000 -0.0061520000 -0.0006690000
0.0156470000 0.0305750000 0.0049210000
0.0295180000 0.0125580000 -0.0582200000
0.0070100000 0.0341540000 0.0286780000
-0.0314610000 0.0118760000 -0.0127480000
-0.0086600000 -0.0282500000 -0.0590010000
-0.0109320000 0.0330880000 -0.0300280000
-0.0331310000 -0.0033460000 -0.0527290000
-0.0281390000 -0.0133530000 -0.0590330000
0.0314750000 -0.0079120000 -0.0428570000
-0.0326700000 0.0076840000 0.0291230000
0.0221770000 -0.0010980000 0.0365820000
0.0218270000 -0.0243810000 -0.0305000000
-0.0157710000 -0.0273650000 0.0294410000
0.0321780000 -0.0058560000 0.0021450000
0.0291810000 -0.0142850000 -0.0313240000
0.0321890000 0.0048910000 -0.0219780000
0.0043350000 0.0124510000 0.0390450000
-0.0180480000 0.0294740000 -0.0124680000
-0.0256050000 0.0228810000 0.0114510000
-0.0312110000 -0.0111360000 -0.0197360000
0.0064220000 0.0340030000 -0.0477710000
-0.0009910000 0.0350360000 -0.0072550000
-0.0012240000 -0.0291050000 -0.0357680000
