-0.0125550000 -0.0288280000 0.0348870000
0.0093800000 0.0317470000 -0.0590130000
0.0097800000 0.0334050000 0.0112210000
-0.0183380000 -0.0269730000 -0.0343030000
0.0276550000 -0.0175860000 -0.0037150000
-0.0291040000 0.0193260000 0.0418510000
0.0271260000 -0.0163770000 -0.0558610000
-0.0259180000 0.0223650000 -0.0235040000
0.0330170000 0.0016710000 0.0419490000
-0.0318320000 -0.0101400000 0.0026100000
0.0273930000 0.0188940000 -0.0235220000
-0.0315040000 0.0028330000 -0.0591260000
-0.0037820000 -0.0293390000 0.0017820000
-0.0002360000 0.0025720000 0.0361590000
-0.0225800000 0.0258430000 0.0098260000
0.0193450000 -0.0250200000 0.0277570000
-0.0001930000 0.0347800000 0.0422960000
0.0006740000 0.0013260000 -0.0550850000
0.0312360000 0.0101490000 0.0111820000
0.0127400000 -0.0266010000 -0.0299830000
0.0017680000 0.0348580000 -0.0293060000
-0.0003750000 -0.0297680000 -0.0590450000
-0.0189510000 0.0289250000 -0.0514930000
0.0305030000 0.0124020000 -0.0521160000
-0.0324260000 -0.0077640000 0.0316100000
-0.0328220000 -0.0047910000 -0.0250690000
0.0316210000 -0.0071850000 -0.0296590000
0.0229790000 0.0249230000 0.0328470000
-0.0239120000 -0.0208490000 -0.0577820000
-0.0075710000 0.0341930000 -0.0071750000
-0.0215870000 -0.0250060000 -0.0117800000
-0.0317080000 0.0111220000 -0.0046290000
0.0141930000 0.0312850000 -0.0105840000
-0.0208550000 -0.0246990000 0.0150380000
0.0323470000 0.0027560000 -0.0099010000
-0.0325070000 0.0080730000 0.0169090000
0.0316120000 -0.0080820000 0.0227900000
-0.0080950000 0.0340290000 0.0227510000
0.0192670000 0.0280150000 -0.0408730000
-0.0318000000 0.0113450000 -0.0400900000
