-0.0309910000 -0.0125780000 0.0095410000
0.0277460000 0.0163830000 -0.0586690000
0.0292070000 0.0179550000 0.0414400000
-0.0296270000 -0.0137270000 -0.0556310000
0.0272600000 -0.0184360000 -0.0083310000
0.0004250000 0.0351380000 -0.0085490000
0.0074340000 -0.0309670000 0.0418470000
-0.0221260000 0.0274110000 0.0416950000
-0.0162050000 0.0305880000 -0.0518680000
0.0144390000 -0.0275700000 -0.0525990000
-0.0110640000 -0.0288250000 -0.0214050000
-0.0323500000 0.0087680000 -0.0235880000
0.0289880000 0.0157720000 -0.0217880000
-0.0266700000 0.0214580000 0.0079910000
-0.0250270000 -0.0202820000 0.0423830000
-0.0002920000 0.0020640000 0.0361510000
0.0302830000 -0.0119670000 0.0247890000
0.0055060000 0.0343680000 0.0245710000
0.0013790000 -0.0301090000 0.0092000000
-0.0013720000 0.0019800000 -0.0551070000
0.0291780000 0.0159980000 0.0098610000
0.0110050000 0.0326880000 -0.0390390000
0.0317170000 -0.0068780000 -0.0406040000
-0.0330960000 0.0041690000 0.0314900000
-0.0106850000 -0.0294520000 -0.0471820000
-0.0175880000 0.0298410000 -0.0262240000
-0.0319860000 0.0110410000 -0.0490780000
0.0135960000 -0.0265200000 -0.0276790000
-0.0300540000 -0.0142870000 -0.0150460000
-0.0172600000 -0.0265760000 0.0217460000
-0.0179550000 -0.0266840000 -0.0009030000
0.0037820000 0.0327140000 -0.0592220000
0.0201070000 0.0272650000 -0.0059960000
0.0323610000 0.0020260000 -0.0060740000
-0.0262120000 -0.0201430000 -0.0357980000
-0.0095510000 0.0336720000 0.0099800000
-0.0328710000 0.0043410000 -0.0024860000
0.0200470000 -0.0005280000 0.0387760000
0.0161690000 -0.0269890000 0.0234310000
0.0174310000 -0.0064440000 -0.0554890000
0.0246080000 -0.0204780000 0.0419830000
0.0143890000 0.0313110000 0.0421650000
-0.0061140000 -0.0170870000 0.0370730000
-0.0033340000 0.0215670000 0.0368620000
0.0100860000 -0.0284460000 -0.0085380000
-0.0178150000 0.0297520000 -0.0070200000
0.0225300000 0.0252890000 0.0253020000
0.0265740000 0.0201340000 -0.0399880000
0.0322220000 0.0066890000 0.0261480000
-0.0001900000 -0.0165530000 -0.0555780000
