-0.0124780000 0.0288760000 0.0371840000
0.0136090000 -0.0265530000 -0.0589860000
-0.0148990000 0.0316070000 -0.0327750000
0.0190790000 -0.0253390000 0.0093860000
-0.0324410000 -0.0078050000 0.0014070000
0.0313010000 0.0095620000 -0.0267630000
-0.0316880000 -0.0071240000 -0.0580970000
0.0323340000 0.0092430000 0.0417270000
-0.0162780000 -0.0277670000 0.0423290000
0.0104680000 0.0331230000 0.0016860000
-0.0065540000 -0.0287040000 -0.0228480000
0.0158410000 0.0285320000 -0.0591040000
-0.0340270000 0.0020370000 0.0419520000
-0.0231960000 0.0254400000 0.0041040000
0.0322220000 0.0063100000 0.0076500000
0.0222360000 -0.0222160000 0.0419710000
0.0244850000 -0.0220690000 -0.0284880000
-0.0330250000 0.0051430000 -0.0284080000
0.0309440000 0.0003170000 -0.0574500000
-0.0007810000 0.0016570000 -0.0550980000
-0.0006280000 -0.0007350000 0.0361840000
-0.0118340000 -0.0287200000 0.0115970000
-0.0248280000 0.0218220000 -0.0589340000
0.0157950000 0.0304730000 0.0302740000
0.0131700000 0.0317970000 -0.0269170000
-0.0139780000 -0.0284460000 -0.0508010000
-0.0291070000 -0.0158140000 0.0246990000
-0.0273010000 -0.0187710000 -0.0322570000
-0.0323530000 0.0087920000 0.0187500000
0.0040660000 -0.0313130000 0.0292030000
0.0303320000 -0.0124630000 -0.0071840000
0.0307710000 -0.0107880000 0.0234870000
