0.0254710000 -0.0197430000 0.0170590000
-0.0236690000 0.0243070000 -0.0585750000
-0.0265850000 0.0229280000 0.0419580000
0.0235520000 -0.0219360000 -0.0495810000
-0.0306670000 -0.0131090000 -0.0090020000
0.0085910000 0.0337080000 -0.0073270000
0.0241800000 0.0249050000 0.0416490000
-0.0179140000 -0.0269920000 0.0419990000
0.0226520000 0.0249750000 -0.0518530000
-0.0227910000 -0.0223970000 -0.0560940000
0.0324360000 0.0019440000 -0.0174620000
0.0050750000 -0.0287300000 -0.0155560000
-0.0253660000 0.0229690000 -0.0206150000
-0.0003180000 0.0017760000 0.0361650000
-0.0332120000 -0.0040600000 0.0232260000
-0.0016960000 0.0349530000 0.0240970000
