-0.0224450000 -0.0227180000 0.0393790000
0.0210890000 0.0251760000 -0.0588420000
0.0200150000 0.0276900000 0.0123470000
-0.0229280000 -0.0238560000 -0.0318710000
0.0296360000 -0.0137760000 -0.0217570000
-0.0191470000 0.0287540000 -0.0237980000
0.0291600000 -0.0147150000 0.0414910000
-0.0211080000 0.0280800000 0.0420470000
0.0111780000 -0.0273360000 -0.0590710000
-0.0332150000 -0.0015510000 0.0035300000
-0.0311550000 0.0080630000 -0.0590500000
0.0005340000 -0.0298200000 0.0045200000
0.0252190000 0.0222160000 -0.0230860000
0.0006940000 0.0028370000 0.0361330000
-0.0139600000 0.0318800000 0.0093350000
0.0325590000 -0.0033120000 0.0102390000
-0.0104450000 0.0329990000 -0.0549350000
0.0290330000 0.0177780000 0.0417260000
0.0320440000 -0.0040210000 -0.0521000000
-0.0001270000 0.0020760000 -0.0550960000
