0.0014060000 -0.0174420000 0.0369770000
-0.0039590000 0.0331390000 -0.0590960000
0.0210030000 -0.0248330000 -0.0295560000
-0.0330570000 0.0032200000 -0.0117750000
0.0204360000 0.0270630000 0.0011290000
-0.0235830000 -0.0201060000 -0.0589100000
-0.0126130000 0.0329980000 0.0415680000
0.0312130000 0.0067820000 -0.0581690000
0.0305150000 0.0146970000 0.0417430000
-0.0089640000 -0.0290160000 -0.0014310000
0.0302940000 -0.0123750000 0.0083400000
-0.0333940000 0.0010750000 0.0285610000
-0.0103650000 0.0333030000 -0.0213070000
-0.0313390000 0.0128370000 -0.0464910000
0.0318380000 0.0069520000 -0.0241420000
-0.0217810000 0.0265640000 0.0097620000
0.0079790000 -0.0282120000 -0.0590800000
-0.0001270000 0.0020760000 -0.0550960000
-0.0244910000 -0.0224860000 -0.0276500000
0.0166110000 0.0298150000 -0.0369520000
0.0294810000 -0.0139650000 0.0416260000
0.0125370000 0.0322320000 0.0279980000
-0.0219900000 -0.0237340000 0.0228130000
0.0000480000 0.0096810000 0.0361650000
0.0113390000 -0.0288210000 0.0155740000
0.0311060000 0.0109700000 0.0170860000
-0.0026650000 -0.0294270000 -0.0369870000
0.0279660000 -0.0161900000 -0.0513070000
-0.0291810000 -0.0164730000 0.0013180000
-0.0018080000 0.0349910000 0.0008390000
0.0137490000 -0.0275830000 -0.0076190000
0.0185010000 0.0259940000 -0.0592190000
-0.0282650000 -0.0155460000 0.0425070000
-0.0276460000 0.0200470000 -0.0257220000
-0.0290770000 0.0180620000 0.0421820000
0.0302520000 -0.0125920000 -0.0137400000
-0.0178770000 0.0296510000 -0.0426830000
-0.0319600000 -0.0084540000 -0.0422670000
0.0105220000 0.0329900000 -0.0168880000
-0.0323730000 0.0084230000 0.0087230000
0.0320780000 0.0055560000 -0.0029940000
-0.0070430000 0.0343080000 0.0218310000
-0.0198680000 -0.0005350000 -0.0559290000
-0.0138660000 -0.0290770000 0.0418260000
-0.0133040000 -0.0045670000 0.0360030000
0.0173880000 0.0007050000 0.0373810000
0.0291510000 0.0155350000 -0.0410760000
0.0310860000 -0.0093780000 -0.0336520000
-0.0128440000 0.0168620000 -0.0559420000
0.0179980000 -0.0259070000 0.0328570000
-0.0056390000 -0.0158360000 -0.0556110000
-0.0270500000 0.0208770000 -0.0071170000
-0.0015130000 -0.0285820000 -0.0184380000
-0.0049230000 -0.0305500000 0.0251350000
0.0322020000 -0.0054820000 0.0255030000
-0.0009730000 0.0349820000 -0.0371200000
0.0251850000 0.0221850000 -0.0165330000
-0.0290590000 0.0178230000 0.0237450000
0.0113690000 -0.0113380000 -0.0551130000
-0.0331690000 0.0036450000 -0.0293490000
-0.0186880000 -0.0264350000 -0.0435790000
0.0039320000 0.0184180000 -0.0552180000
0.0146410000 0.0179620000 0.0368940000
-0.0305440000 -0.0130910000 -0.0150720000
