0.0258150000 0.0102140000 0.0379780000
-0.0312490000 -0.0071430000 -0.0588120000
0.0316630000 0.0083690000 -0.0319300000
-0.0289720000 -0.0166750000 0.0084160000
-0.0067850000 0.0343450000 -0.0005980000
-0.0027730000 0.0340350000 -0.0578250000
-0.0283520000 0.0200500000 0.0421400000
0.0198190000 -0.0248830000 0.0033600000
0.0126960000 -0.0272140000 -0.0587360000
-0.0026160000 -0.0313070000 0.0420220000
-0.0141650000 -0.0284910000 -0.0279750000
-0.0317790000 0.0109650000 -0.0223430000
0.0267630000 0.0200980000 0.0025520000
0.0018010000 0.0350230000 0.0337670000
-0.0305210000 -0.0132540000 0.0414360000
0.0104620000 0.0329290000 -0.0280490000
-0.0001270000 0.0020760000 -0.0550960000
0.0236940000 -0.0228900000 -0.0288430000
-0.0301600000 0.0153160000 0.0104980000
-0.0039550000 0.0018820000 0.0361660000
0.0246960000 -0.0200120000 0.0337430000
0.0243390000 0.0201450000 -0.0592460000
-0.0274970000 0.0205280000 -0.0496320000
0.0315810000 -0.0066450000 -0.0561680000
-0.0053670000 -0.0299330000 0.0141660000
-0.0142670000 -0.0280560000 -0.0557220000
0.0322870000 -0.0039820000 -0.0079290000
-0.0158420000 0.0309010000 -0.0285030000
0.0327000000 -0.0026270000 0.0173070000
-0.0303890000 -0.0134140000 -0.0162850000
