-0.0327850000 -0.0048790000 -0.0233180000
0.0328030000 0.0075090000 0.0417990000
0.0312300000 0.0070730000 -0.0580640000
-0.0299880000 -0.0137260000 0.0423320000
0.0105830000 0.0330550000 -0.0074540000
0.0197540000 -0.0250420000 -0.0058560000
-0.0157760000 0.0300940000 -0.0582010000
-0.0047420000 -0.0300250000 -0.0586120000
-0.0110120000 0.0336300000 0.0411180000
0.0106030000 -0.0302740000 0.0408080000
-0.0260460000 0.0223490000 0.0055120000
-0.0180010000 -0.0265700000 0.0065250000
0.0319620000 0.0063870000 -0.0212610000
-0.0312500000 -0.0023890000 -0.0590940000
0.0241640000 -0.0219010000 -0.0402370000
-0.0003180000 0.0017760000 0.0361650000
0.0137050000 0.0314750000 -0.0415370000
-0.0074150000 -0.0287640000 -0.0252470000
-0.0177910000 0.0296980000 -0.0254020000
0.0166620000 0.0298950000 0.0243100000
0.0329300000 -0.0002830000 0.0104610000
-0.0001180000 0.0026470000 -0.0551020000
-0.0309660000 0.0137580000 0.0329570000
-0.0330530000 -0.0038860000 0.0116600000
-0.0251290000 -0.0212490000 -0.0424540000
0.0059670000 -0.0298460000 0.0154540000
0.0285070000 -0.0152330000 0.0305410000
-0.0052950000 0.0346950000 0.0128310000
-0.0308830000 0.0139290000 -0.0399140000
-0.0128270000 -0.0286190000 0.0318250000
0.0262500000 0.0210180000 0.0048710000
-0.0303190000 0.0150610000 -0.0145580000
-0.0247400000 -0.0225320000 -0.0137530000
0.0106700000 -0.0155650000 -0.0552690000
0.0225600000 0.0251130000 -0.0232450000
-0.0005930000 -0.0292230000 -0.0046790000
0.0293620000 -0.0144230000 -0.0216710000
0.0324130000 -0.0027640000 -0.0399200000
0.0143300000 0.0157880000 0.0387990000
-0.0115860000 0.0328760000 -0.0063640000
0.0206420000 0.0243200000 -0.0591820000
0.0017950000 0.0348410000 -0.0257530000
0.0284040000 0.0169750000 -0.0409410000
0.0124440000 -0.0271070000 -0.0246490000
-0.0133570000 -0.0122540000 -0.0558930000
0.0297240000 0.0147550000 0.0234070000
-0.0200570000 0.0280350000 0.0243370000
0.0034800000 0.0336820000 -0.0583460000
0.0264820000 -0.0187910000 0.0113840000
-0.0271280000 -0.0187700000 0.0227810000
0.0085070000 0.0339770000 0.0418780000
-0.0175910000 0.0108530000 -0.0560000000
0.0037790000 -0.0293270000 -0.0415300000
0.0294040000 -0.0120750000 -0.0564370000
-0.0086800000 0.0336980000 -0.0413500000
-0.0188020000 0.0000600000 0.0366200000
0.0175900000 -0.0026300000 0.0388290000
-0.0001980000 -0.0163870000 0.0364670000
0.0310240000 -0.0104480000 -0.0042190000
-0.0110430000 0.0162890000 0.0364880000
-0.0329200000 -0.0037960000 -0.0412220000
-0.0330810000 -0.0003950000 -0.0060170000
0.0316460000 0.0076800000 -0.0043270000
-0.0331740000 -0.0032720000 0.0285910000
0.0163880000 0.0001290000 -0.0548810000
0.0108180000 0.0328780000 0.0090470000
-0.0029170000 0.0188400000 -0.0552820000
-0.0297570000 -0.0153450000 0.0001260000
-0.0314710000 0.0117610000 0.0166340000
-0.0004290000 0.0351370000 0.0283090000
0.0174300000 -0.0263040000 0.0267710000
-0.0244530000 0.0251100000 0.0420610000
0.0327510000 -0.0003840000 0.0271380000
-0.0117590000 -0.0292200000 -0.0443260000
-0.0224300000 0.0262960000 -0.0445500000
-0.0153550000 -0.0147490000 0.0371950000
-0.0275550000 -0.0184980000 -0.0278980000
-0.0274800000 -0.0167020000 -0.0563400000
-0.0086430000 -0.0295550000 0.0175360000
-0.0336590000 0.0026080000 0.0421700000
0.0111960000 0.0138900000 -0.0550340000
0.0263940000 0.0203830000 -0.0097550000
0.0013660000 -0.0313680000 0.0295160000
0.0225980000 -0.0220210000 0.0420010000
-0.0319230000 0.0112160000 -0.0542470000
0.0320010000 -0.0070040000 0.0418580000
0.0274440000 0.0210150000 0.0412220000
0.0019480000 0.0224210000 0.0368270000
0.0090150000 -0.0293730000 -0.0560420000
-0.0276410000 0.0200100000 -0.0278230000
