0.0015470000 -0.0235690000 -0.0567480000
-0.0010590000 0.0350680000 0.0422200000
0.0033370000 -0.0305340000 0.0142740000
-0.0053340000 0.0345150000 -0.0244680000
0.0324070000 -0.0021920000 -0.0196720000
-0.0324730000 0.0073520000 0.0109420000
0.0332520000 -0.0011300000 0.0413710000
-0.0310080000 0.0118530000 -0.0583790000
0.0235890000 0.0213360000 -0.0592310000
-0.0241130000 -0.0231290000 -0.0204860000
-0.0257850000 -0.0197230000 0.0423320000
0.0206770000 0.0269690000 0.0075450000
-0.0315170000 0.0118220000 -0.0232960000
0.0097990000 -0.0279020000 -0.0201050000
-0.0003180000 0.0017760000 0.0361650000
-0.0295100000 0.0179460000 0.0420820000
-0.0116180000 0.0328900000 0.0098820000
0.0309550000 -0.0097840000 -0.0516880000
-0.0066230000 0.0336270000 -0.0571120000
0.0302540000 -0.0123840000 0.0109920000
0.0166680000 -0.0268250000 0.0416370000
-0.0278700000 -0.0173540000 -0.0506070000
0.0229640000 0.0247130000 -0.0292490000
-0.0248220000 -0.0217370000 0.0094350000
-0.0004960000 0.0055590000 -0.0551190000
0.0237430000 0.0242230000 0.0351770000
-0.0224600000 0.0262450000 -0.0405500000
-0.0058690000 -0.0306960000 0.0362080000
-0.0079650000 -0.0294700000 -0.0361600000
0.0315530000 0.0094260000 0.0189830000
-0.0327140000 -0.0056620000 -0.0081750000
0.0186340000 -0.0258320000 -0.0410850000
-0.0212000000 0.0270020000 -0.0099920000
-0.0083960000 -0.0289530000 -0.0052420000
-0.0333140000 -0.0016700000 0.0314660000
0.0046720000 0.0347380000 -0.0051580000
0.0286720000 0.0167860000 -0.0099580000
0.0313450000 0.0097720000 -0.0426010000
0.0062350000 0.0342600000 0.0216210000
0.0183070000 -0.0258940000 -0.0005220000
0.0109140000 0.0326920000 -0.0451690000
-0.0323260000 -0.0071380000 -0.0326320000
-0.0173860000 0.0300700000 0.0299660000
0.0198880000 -0.0247110000 0.0225890000
0.0160270000 -0.0083090000 0.0368050000
-0.0180430000 -0.0017990000 -0.0554650000
0.0264960000 -0.0195830000 -0.0245940000
0.0125040000 -0.0082680000 -0.0549100000
0.0062010000 0.0189790000 0.0364710000
0.0324110000 0.0010120000 -0.0013850000
-0.0100410000 -0.0132590000 0.0365140000
-0.0141750000 0.0171900000 -0.0555820000
-0.0254710000 0.0230210000 0.0157160000
-0.0196860000 -0.0251500000 0.0261440000
-0.0178640000 0.0055050000 0.0365860000
-0.0325450000 0.0086020000 -0.0409870000
-0.0313830000 0.0123240000 -0.0057680000
-0.0154940000 -0.0266660000 -0.0585640000
0.0292900000 -0.0148810000 -0.0081530000
0.0188380000 -0.0238820000 -0.0582790000
0.0302490000 -0.0119180000 0.0281320000
0.0301400000 0.0055410000 -0.0588000000
0.0191170000 0.0082650000 0.0373740000
0.0073730000 0.0201590000 -0.0557180000
-0.0321570000 -0.0084580000 0.0161230000
0.0106910000 0.0328960000 -0.0206560000
0.0314580000 -0.0080180000 -0.0352230000
-0.0072920000 0.0340360000 -0.0406030000
-0.0231480000 -0.0234430000 -0.0366360000
-0.0310650000 0.0132890000 0.0268450000
-0.0061460000 -0.0285830000 -0.0206580000
-0.0331790000 -0.0027750000 -0.0519350000
-0.0093610000 0.0185510000 0.0368280000
-0.0196230000 0.0284050000 -0.0254410000
0.0044760000 -0.0185110000 0.0369230000
-0.0045220000 -0.0093150000 -0.0551640000
0.0187610000 0.0283560000 -0.0079950000
0.0307800000 0.0112400000 -0.0269360000
0.0153370000 0.0069640000 -0.0549690000
-0.0112310000 -0.0288170000 0.0099470000
-0.0270310000 -0.0197750000 -0.0055330000
0.0236230000 0.0239380000 -0.0442440000
0.0294160000 0.0149970000 0.0051710000
0.0275440000 -0.0163080000 0.0421690000
0.0132230000 0.0317010000 0.0421680000
0.0067750000 -0.0302500000 0.0286500000
0.0047730000 -0.0294350000 -0.0433330000
0.0193090000 0.0281610000 0.0219450000
-0.0086020000 0.0338920000 -0.0103570000
-0.0294370000 -0.0151400000 0.0293000000
0.0046070000 -0.0294410000 0.0002150000
0.0308960000 0.0142130000 0.0415560000
0.0023480000 0.0350570000 0.0084100000
-0.0260410000 0.0222380000 0.0020250000
-0.0075190000 -0.0299020000 0.0228440000
-0.0221260000 -0.0071740000 0.0373110000
-0.0048710000 0.0347310000 0.0292980000
0.0047320000 0.0345090000 -0.0334720000
-0.0310590000 -0.0115060000 -0.0199690000
0.0210840000 -0.0243100000 -0.0133680000
