-0.0297020000 0.0017190000 -0.0571730000
0.0330350000 0.0045730000 0.0419550000
-0.0319810000 -0.0094300000 0.0140910000
0.0276780000 -0.0177820000 -0.0234500000
-0.0014440000 0.0349980000 -0.0144510000
-0.0129320000 0.0328810000 0.0415270000
0.0235890000 0.0213360000 -0.0592310000
0.0012920000 -0.0322030000 0.0413180000
-0.0166610000 -0.0274300000 -0.0246800000
0.0076880000 -0.0283670000 -0.0590540000
0.0297640000 0.0142730000 0.0022170000
-0.0318160000 0.0107540000 -0.0193060000
0.0244400000 -0.0210580000 0.0138600000
-0.0106660000 0.0330750000 -0.0507520000
-0.0003180000 0.0017760000 0.0361650000
-0.0232620000 0.0252690000 0.0102150000
-0.0065860000 -0.0293830000 0.0066220000
0.0169400000 0.0298230000 0.0280910000
-0.0331710000 0.0072490000 0.0420240000
0.0301460000 0.0130850000 -0.0295180000
0.0310850000 -0.0085030000 -0.0531270000
0.0006740000 0.0013260000 -0.0550850000
-0.0254220000 -0.0207710000 0.0414430000
-0.0201160000 -0.0249860000 -0.0532450000
0.0127220000 0.0320050000 -0.0370760000
0.0251740000 -0.0206440000 0.0408660000
-0.0316500000 -0.0095690000 -0.0346990000
0.0064950000 -0.0286360000 -0.0149260000
-0.0002480000 0.0350330000 0.0106650000
-0.0306800000 -0.0129870000 -0.0102700000
-0.0281110000 0.0194710000 -0.0412130000
0.0327970000 -0.0005650000 0.0194900000
0.0200080000 0.0273710000 -0.0143760000
0.0317390000 -0.0076570000 -0.0035180000
0.0120050000 -0.0272670000 -0.0368460000
-0.0209910000 0.0272280000 -0.0112400000
-0.0325280000 0.0078990000 0.0017390000
-0.0129680000 -0.0284320000 0.0266290000
-0.0147320000 0.0314690000 -0.0305410000
0.0073750000 -0.0296900000 0.0217520000
-0.0318010000 0.0109040000 0.0219130000
-0.0142500000 0.0143180000 -0.0558880000
0.0075030000 0.0327550000 -0.0586040000
0.0182220000 0.0289500000 0.0082910000
-0.0154850000 0.0140430000 0.0370420000
0.0159520000 0.0122660000 0.0370710000
-0.0065160000 -0.0298140000 -0.0407120000
0.0217420000 -0.0237710000 -0.0046930000
0.0076300000 -0.0152190000 0.0366380000
0.0056370000 0.0346320000 0.0420590000
-0.0179000000 -0.0044470000 0.0366730000
0.0283920000 0.0173680000 0.0204680000
-0.0236750000 -0.0229290000 0.0039320000
0.0315070000 0.0090930000 -0.0474610000
-0.0129020000 0.0323100000 0.0233910000
0.0321050000 -0.0046630000 -0.0351630000
0.0135140000 -0.0116590000 -0.0555740000
-0.0048480000 -0.0156930000 -0.0554530000
0.0318390000 0.0067630000 -0.0134290000
0.0004820000 0.0195480000 0.0364620000
0.0168380000 0.0061100000 -0.0551910000
0.0262610000 -0.0192610000 -0.0410990000
-0.0330680000 -0.0040740000 0.0299120000
0.0197210000 -0.0038810000 0.0368460000
-0.0095360000 -0.0287460000 -0.0097820000
0.0099730000 -0.0289770000 0.0054890000
0.0018650000 0.0176270000 -0.0551830000
-0.0263780000 -0.0196250000 0.0253400000
0.0245460000 0.0228700000 -0.0430020000
-0.0082470000 -0.0172780000 0.0370900000
-0.0301660000 -0.0130570000 -0.0502140000
0.0236800000 0.0254030000 0.0416730000
-0.0148160000 -0.0031090000 -0.0552340000
-0.0331790000 0.0045840000 -0.0418600000
-0.0106430000 0.0333470000 -0.0011180000
-0.0247940000 0.0235840000 0.0287150000
0.0021980000 0.0349560000 0.0262890000
0.0291810000 -0.0141070000 0.0272950000
-0.0233350000 -0.0232180000 -0.0381590000
0.0096160000 0.0333670000 -0.0037570000
