0.0036040000 0.0225110000 -0.0552670000
-0.0104570000 -0.0303480000 0.0421720000
0.0114560000 0.0329600000 0.0156240000
0.0218700000 -0.0238040000 -0.0136940000
-0.0331210000 0.0017580000 -0.0116210000
-0.0134660000 -0.0285890000 -0.0556350000
-0.0300490000 0.0173500000 0.0418570000
0.0328310000 -0.0045950000 0.0412130000
0.0284180000 -0.0140250000 -0.0563100000
0.0278610000 0.0180810000 -0.0207480000
-0.0330090000 0.0064600000 -0.0516270000
-0.0097610000 0.0335060000 -0.0186790000
-0.0129870000 -0.0283120000 0.0031470000
0.0167060000 -0.0266830000 0.0204350000
-0.0003180000 0.0017760000 0.0361650000
0.0327140000 0.0003540000 0.0076890000
-0.0324760000 -0.0076820000 0.0202900000
-0.0236480000 0.0249290000 0.0100780000
-0.0229360000 -0.0240560000 -0.0262620000
-0.0045340000 0.0349010000 0.0419270000
0.0244480000 0.0245310000 0.0418150000
0.0101340000 -0.0279830000 -0.0394330000
0.0300600000 0.0133870000 -0.0486710000
0.0022810000 -0.0052220000 -0.0550730000
-0.0195020000 0.0284980000 -0.0430940000
0.0317790000 -0.0063830000 -0.0310740000
0.0112530000 0.0326050000 -0.0333160000
0.0121800000 0.0322170000 -0.0085290000
-0.0013090000 -0.0284960000 -0.0175190000
-0.0288790000 -0.0153670000 0.0424430000
-0.0275530000 0.0202550000 -0.0233900000
0.0279180000 0.0184140000 0.0203510000
-0.0290680000 -0.0154280000 -0.0459800000
0.0212930000 -0.0235080000 0.0418440000
-0.0199680000 -0.0250210000 0.0234360000
-0.0060500000 0.0345370000 0.0027570000
-0.0295460000 -0.0158030000 -0.0005730000
0.0078960000 -0.0288810000 0.0013750000
-0.0129730000 0.0099290000 -0.0552580000
-0.0331960000 -0.0006490000 -0.0321100000
0.0276160000 0.0186310000 -0.0001200000
-0.0101440000 0.0334540000 0.0226280000
0.0062680000 -0.0283830000 -0.0590990000
0.0318460000 -0.0065820000 -0.0110070000
0.0268490000 -0.0185100000 0.0048190000
-0.0324560000 0.0074070000 0.0074080000
0.0302790000 -0.0120610000 0.0231300000
-0.0198270000 0.0013450000 0.0370990000
0.0031990000 -0.0174370000 0.0369080000
0.0063900000 0.0198020000 0.0367340000
-0.0020590000 -0.0306580000 0.0189510000
-0.0085920000 -0.0294130000 -0.0374000000
-0.0121570000 0.0185880000 0.0369780000
0.0178000000 0.0052530000 0.0371830000
-0.0304820000 0.0147170000 0.0239310000
-0.0157440000 -0.0079470000 -0.0555510000
0.0210590000 0.0253740000 -0.0586750000
-0.0117030000 0.0310180000 -0.0590750000
0.0189320000 0.0011110000 -0.0555200000
-0.0028660000 0.0347600000 -0.0439390000
