0.0135170000 0.0124910000 0.0754540000
-0.0429070000 0.0002740000 -0.0825290000
0.0397640000 -0.0061920000 -0.0220000000
-0.0454140000 0.0001200000 0.0079460000
0.0181740000 -0.0326250000 -0.0822550000
0.0075750000 -0.0302990000 0.0280560000
-0.0109130000 0.0274430000 -0.0359710000
0.0035570000 0.0234290000 0.0173200000
-0.0085400000 -0.0267180000 -0.0351580000
-0.0322120000 -0.0111810000 0.0591380000
0.0162230000 0.0199750000 -0.0804470000
0.0426010000 -0.0026480000 0.0420960000
-0.0458950000 -0.0012330000 -0.0372780000
-0.0340090000 0.0281330000 0.0396670000
0.0464890000 -0.0060430000 -0.0643780000
-0.0065130000 -0.0073090000 0.1067900000
0.0041010000 -0.0263480000 0.0680930000
-0.0204730000 0.0302020000 -0.0734450000
0.0278270000 -0.0346870000 -0.0450760000
0.0172460000 -0.0336210000 -0.0083140000
-0.0174670000 -0.0255350000 -0.0717560000
-0.0167120000 -0.0219960000 0.0014180000
-0.0262640000 0.0288600000 -0.0031030000
0.0218890000 0.0149360000 -0.0450110000
0.0333870000 0.0064410000 0.0097420000
0.0396470000 -0.0264550000 0.0169460000
-0.0025640000 0.0265280000 0.0498760000
0.0135020000 0.0185070000 -0.0135980000
-0.0181260000 0.0084580000 0.0808460000
0.0297730000 -0.0299650000 0.0498460000
-0.0390520000 0.0267360000 -0.0490230000
-0.0281170000 -0.0146280000 0.0289540000
-0.0091830000 0.0024800000 -0.0806510000
0.0208640000 0.0153180000 0.0382800000
-0.0462930000 0.0031590000 0.0398550000
0.0249960000 -0.0063890000 -0.0814380000
-0.0359320000 -0.0113340000 -0.0144630000
0.0046600000 -0.0330280000 -0.0585730000
0.0275740000 -0.0071990000 0.0638500000
0.0152610000 -0.0114350000 0.0869620000
