-0.0229490000 0.0293220000 -0.0170570000
0.0040900000 -0.0073880000 0.1072900000
0.0341220000 -0.0318650000 -0.0799900000
0.0383880000 -0.0297220000 0.0226670000
-0.0383320000 -0.0076100000 -0.0820910000
-0.0421020000 -0.0027290000 0.0482190000
-0.0007830000 -0.0291320000 -0.0271320000
0.0154860000 0.0194450000 0.0524940000
0.0119630000 0.0232210000 -0.0669080000
0.0007150000 -0.0316510000 0.0601660000
0.0255540000 0.0117240000 -0.0071200000
-0.0332220000 -0.0122930000 0.0028940000
0.0442190000 -0.0028980000 -0.0462180000
-0.0460130000 -0.0017980000 -0.0389330000
-0.0191750000 0.0283220000 0.0268570000
-0.0301030000 0.0300470000 -0.0628730000
-0.0062930000 -0.0308560000 -0.0692280000
-0.0164030000 0.0109970000 0.0770220000
-0.0011550000 -0.0284800000 0.0206730000
0.0338680000 -0.0136570000 0.0567200000
