-0.0173730000 0.0084740000 0.0734370000
0.0313260000 -0.0300790000 -0.0824490000
-0.0301620000 0.0268870000 -0.0254170000
0.0382160000 -0.0237990000 0.0084480000
-0.0346450000 -0.0114560000 -0.0820740000
-0.0231090000 -0.0179820000 0.0172880000
0.0267330000 0.0112360000 -0.0389790000
0.0348010000 0.0030690000 0.0564800000
-0.0128660000 -0.0248040000 -0.0348920000
0.0109320000 0.0201420000 0.0100060000
-0.0004260000 0.0270790000 -0.0798870000
-0.0351480000 0.0284970000 0.0311040000
0.0029790000 -0.0319690000 0.0593480000
0.0311290000 -0.0332440000 -0.0378520000
0.0067500000 -0.0051610000 0.1069130000
-0.0399270000 0.0270240000 -0.0662230000
-0.0449670000 -0.0041110000 -0.0437930000
0.0333570000 0.0083520000 -0.0786440000
0.0045440000 0.0240650000 0.0470970000
-0.0044070000 -0.0313670000 -0.0709280000
-0.0412270000 -0.0047610000 0.0473360000
0.0043760000 -0.0303470000 -0.0038430000
-0.0423790000 -0.0019680000 -0.0081710000
0.0343960000 -0.0298190000 0.0431360000
-0.0030530000 0.0262110000 -0.0460130000
0.0356200000 0.0053810000 -0.0073680000
0.0469630000 -0.0095750000 -0.0547210000
0.0143650000 0.0117490000 0.0802610000
0.0364620000 0.0038250000 0.0245670000
-0.0187590000 0.0287930000 0.0039480000
0.0047260000 -0.0297830000 0.0275590000
-0.0102180000 -0.0195700000 0.0850340000
0.0046210000 -0.0032800000 -0.0807200000
-0.0480190000 0.0040350000 0.0201970000
0.0072570000 0.0215240000 -0.0190950000
-0.0182110000 -0.0214350000 0.0445500000
-0.0215230000 0.0279510000 0.0550510000
-0.0210180000 -0.0196450000 -0.0096430000
-0.0263420000 -0.0197630000 -0.0577170000
0.0181960000 -0.0132760000 0.0712770000
0.0404420000 -0.0099100000 -0.0290430000
-0.0230130000 0.0129490000 -0.0809020000
0.0168830000 0.0201370000 -0.0613090000
0.0188220000 -0.0351850000 -0.0606500000
-0.0495860000 0.0032790000 -0.0678070000
0.0277110000 -0.0307100000 -0.0131440000
-0.0100950000 0.0272870000 0.0272390000
-0.0251320000 -0.0131530000 0.0659320000
0.0091050000 -0.0317740000 -0.0287100000
-0.0421240000 0.0191640000 -0.0440850000
-0.0050740000 0.0093690000 0.0931590000
0.0448870000 -0.0117710000 -0.0781290000
-0.0171610000 0.0305990000 -0.0641900000
-0.0387480000 0.0178760000 0.0043230000
0.0187030000 0.0163090000 0.0310620000
0.0444380000 -0.0099300000 0.0404930000
-0.0316720000 -0.0138150000 -0.0285030000
-0.0011070000 0.0226690000 0.0686710000
-0.0133320000 -0.0154120000 -0.0828760000
0.0205350000 0.0191000000 0.0607680000
0.0188910000 -0.0328640000 0.0117650000
0.0391810000 -0.0289850000 -0.0619510000
-0.0389820000 0.0163900000 0.0486330000
0.0009000000 -0.0310440000 -0.0498760000
0.0114700000 -0.0232100000 -0.0828870000
0.0346690000 0.0068920000 -0.0577920000
-0.0416020000 0.0076430000 -0.0269050000
-0.0244490000 0.0296900000 -0.0450640000
-0.0121390000 0.0277590000 -0.0157940000
0.0143850000 0.0142080000 -0.0832510000
0.0078960000 -0.0112900000 0.0881170000
0.0433600000 -0.0046800000 0.0080420000
0.0222610000 -0.0281100000 0.0585690000
0.0256330000 -0.0095490000 -0.0811460000
0.0374660000 -0.0138770000 -0.0096810000
-0.0360940000 -0.0093640000 0.0291190000
-0.0066980000 -0.0267160000 0.0121570000
-0.0381730000 -0.0087080000 0.0097140000
0.0273800000 0.0104170000 0.0090540000
-0.0317080000 0.0043630000 0.0615950000
0.0330950000 -0.0330710000 0.0243900000
0.0240810000 0.0127710000 -0.0204250000
-0.0417740000 0.0147070000 -0.0799970000
-0.0195620000 -0.0037960000 0.0870130000
0.0159600000 -0.0319610000 0.0418180000
0.0453500000 -0.0154120000 0.0231660000
-0.0065210000 -0.0270690000 -0.0179830000
0.0347800000 -0.0154680000 0.0550090000
-0.0141320000 -0.0269860000 0.0622760000
0.0113410000 0.0201520000 -0.0369300000
-0.0017910000 0.0250160000 -0.0014530000
-0.0284640000 0.0294990000 -0.0792230000
0.0028930000 -0.0214720000 0.0734940000
-0.0392910000 -0.0107060000 -0.0651880000
-0.0097840000 -0.0052750000 0.1013760000
0.0403450000 0.0010890000 -0.0423980000
-0.0116380000 -0.0245180000 0.0286250000
-0.0365170000 0.0155300000 -0.0125300000
0.0308990000 0.0087140000 0.0407640000
-0.0019210000 -0.0284560000 0.0432830000
