0.0192650000 -0.0340680000 -0.0112550000
-0.0048960000 0.0049220000 0.1072890000
-0.0360370000 0.0269970000 -0.0802250000
-0.0403110000 0.0254220000 0.0251910000
0.0395510000 -0.0019090000 -0.0823870000
0.0389480000 0.0010650000 0.0493400000
-0.0014740000 0.0249010000 -0.0261230000
-0.0132590000 -0.0276070000 -0.0632480000
-0.0168860000 -0.0228600000 0.0547070000
-0.0293240000 -0.0148050000 -0.0064900000
-0.0035630000 0.0278670000 0.0612620000
0.0395900000 0.0019380000 -0.0347810000
0.0110390000 0.0202590000 0.0180110000
-0.0470160000 -0.0017320000 -0.0465060000
0.0067490000 0.0253550000 -0.0697290000
0.0291670000 -0.0349350000 -0.0558670000
0.0184270000 -0.0319800000 0.0318570000
0.0433870000 -0.0050060000 0.0078230000
0.0149020000 -0.0141210000 0.0777490000
-0.0357360000 0.0080480000 0.0570830000
-0.0387860000 -0.0089510000 -0.0809050000
-0.0334270000 0.0207420000 -0.0102750000
-0.0312760000 0.0299340000 -0.0452800000
-0.0348710000 -0.0102490000 0.0274670000
-0.0079880000 -0.0267280000 -0.0300250000
0.0056760000 -0.0062200000 -0.0805920000
-0.0047170000 -0.0274890000 0.0099290000
-0.0204060000 -0.0058940000 0.0815660000
0.0233730000 0.0131330000 -0.0102370000
0.0116080000 0.0147850000 0.0841460000
