-0.0319940000 -0.0124280000 0.0202770000
0.0431800000 -0.0066710000 -0.0814780000
0.0068920000 0.0005730000 0.1072330000
-0.0495550000 0.0046360000 -0.0706590000
0.0451100000 -0.0086910000 0.0382060000
0.0050720000 0.0225990000 -0.0291390000
0.0209400000 -0.0340970000 -0.0121170000
-0.0089890000 0.0289300000 0.0569380000
-0.0051880000 -0.0308970000 -0.0630260000
-0.0000640000 -0.0312610000 0.0619420000
-0.0008340000 0.0241800000 -0.0826290000
-0.0334610000 -0.0127170000 -0.0280410000
0.0135400000 0.0189320000 0.0168630000
-0.0283130000 0.0285660000 0.0010610000
0.0425970000 -0.0023130000 -0.0364400000
-0.0325550000 -0.0052700000 0.0614110000
-0.0347790000 0.0279290000 -0.0397890000
0.0224230000 0.0049100000 0.0691330000
0.0030830000 -0.0295150000 0.0228960000
0.0330680000 -0.0346070000 -0.0559530000
-0.0408000000 0.0226210000 0.0367860000
0.0412540000 -0.0020950000 0.0011760000
0.0231340000 0.0159100000 -0.0588500000
-0.0188190000 -0.0054470000 -0.0816040000
-0.0159190000 0.0118610000 0.0852360000
-0.0108080000 -0.0251610000 -0.0069570000
0.0351860000 -0.0318310000 0.0171600000
0.0188050000 -0.0271030000 -0.0834820000
-0.0301160000 0.0295260000 -0.0715330000
0.0270530000 -0.0324700000 0.0471950000
-0.0078920000 -0.0172240000 0.0875300000
-0.0423650000 0.0022860000 -0.0037220000
-0.0130930000 0.0277610000 0.0268030000
-0.0324800000 -0.0154200000 -0.0575000000
0.0021860000 -0.0302990000 -0.0346140000
-0.0069140000 0.0280320000 -0.0548660000
0.0152450000 0.0190850000 0.0453610000
0.0157450000 0.0010530000 -0.0820260000
-0.0183830000 -0.0212480000 0.0432010000
0.0215680000 0.0141730000 -0.0090020000
-0.0479210000 0.0037690000 -0.0438680000
-0.0021780000 0.0251120000 -0.0037360000
0.0345820000 -0.0261700000 -0.0320440000
-0.0441150000 -0.0021160000 0.0395310000
0.0084270000 0.0158840000 0.0863530000
0.0160710000 -0.0115670000 0.0864350000
0.0457630000 -0.0137800000 -0.0579340000
-0.0182240000 0.0289440000 -0.0219670000
0.0334940000 0.0062360000 0.0226820000
-0.0474660000 0.0088200000 0.0186980000
-0.0300350000 0.0181750000 0.0578200000
0.0330730000 -0.0123520000 0.0579550000
0.0248080000 0.0124560000 -0.0357430000
-0.0179430000 -0.0226780000 -0.0418350000
-0.0388840000 0.0128750000 -0.0234840000
-0.0031540000 -0.0215380000 -0.0833700000
0.0333780000 0.0071840000 0.0476750000
0.0392320000 -0.0272810000 -0.0755540000
-0.0291370000 -0.0147930000 -0.0014160000
-0.0178560000 -0.0195610000 0.0683820000
