-0.0173860000 -0.0255430000 -0.0736320000
0.0040290000 0.0044380000 0.1073220000
0.0441660000 -0.0061440000 0.0100860000
-0.0480900000 0.0077030000 0.0279670000
-0.0069100000 0.0264510000 -0.0266790000
0.0472540000 -0.0081430000 -0.0585580000
0.0005430000 -0.0296610000 0.0522310000
-0.0364990000 0.0289270000 -0.0763460000
-0.0074100000 -0.0266000000 -0.0046780000
-0.0022110000 0.0266390000 0.0552850000
0.0129120000 0.0209000000 -0.0811520000
-0.0452160000 -0.0033070000 -0.0383910000
0.0363470000 0.0001360000 0.0556440000
0.0140740000 -0.0329580000 -0.0431950000
0.0097250000 0.0207870000 0.0133440000
-0.0294570000 -0.0036060000 0.0641040000
0.0225940000 -0.0297440000 -0.0832210000
0.0301870000 0.0088600000 -0.0253510000
-0.0263470000 0.0293800000 0.0056230000
0.0345480000 -0.0317990000 0.0359090000
-0.0391900000 -0.0087880000 -0.0028890000
-0.0224590000 -0.0181920000 0.0273340000
0.0278070000 -0.0308360000 -0.0099810000
-0.0072870000 -0.0207660000 0.0854190000
-0.0436940000 -0.0043540000 -0.0783440000
-0.0173820000 -0.0226150000 -0.0365820000
-0.0357500000 0.0281690000 -0.0431190000
0.0149520000 0.0109730000 0.0775760000
-0.0080100000 0.0286740000 -0.0583890000
-0.0330450000 0.0244590000 0.0497470000
-0.0139820000 0.0046980000 -0.0806740000
-0.0147040000 0.0132960000 0.0846950000
