0.0020150000 0.0033430000 0.1070580000
-0.0421360000 -0.0001340000 -0.0827390000
0.0407370000 -0.0054720000 -0.0018680000
-0.0481950000 0.0071780000 0.0271860000
0.0346810000 -0.0307330000 -0.0803970000
-0.0129850000 0.0278150000 -0.0279470000
0.0047440000 -0.0305210000 0.0489560000
-0.0016450000 -0.0292010000 -0.0345670000
0.0113510000 0.0223750000 -0.0803740000
-0.0010930000 0.0262960000 0.0544600000
0.0389490000 0.0019810000 0.0451510000
-0.0395870000 -0.0088320000 -0.0160390000
0.0383240000 0.0028130000 -0.0477730000
0.0078160000 0.0215670000 0.0110350000
-0.0093850000 -0.0293730000 -0.0789630000
-0.0285060000 -0.0063470000 0.0647100000
-0.0083270000 -0.0261330000 0.0081280000
-0.0243540000 0.0307280000 -0.0655720000
0.0360800000 -0.0318060000 0.0261350000
0.0182840000 -0.0071420000 0.0751270000
-0.0278090000 0.0292140000 0.0057090000
0.0336010000 -0.0332360000 -0.0438280000
-0.0315020000 -0.0150100000 -0.0512040000
0.0216170000 -0.0340280000 -0.0086090000
0.0191290000 0.0156600000 -0.0215130000
-0.0427650000 0.0155290000 -0.0399980000
0.0381080000 0.0023130000 -0.0810770000
-0.0259550000 -0.0160150000 0.0337060000
-0.0330660000 0.0233070000 0.0508500000
-0.0090950000 -0.0190880000 0.0867080000
-0.0126570000 0.0149960000 0.0817390000
0.0083820000 0.0226080000 -0.0495930000
-0.0111860000 0.0011170000 -0.0806660000
0.0318340000 -0.0240190000 0.0531510000
0.0105190000 -0.0342060000 -0.0597350000
-0.0128120000 0.0277710000 0.0291730000
0.0135470000 -0.0125910000 -0.0806860000
0.0303800000 0.0084060000 0.0198380000
0.0227780000 0.0160070000 0.0618160000
-0.0367200000 -0.0096940000 0.0104320000
0.0389940000 -0.0133290000 -0.0270870000
-0.0173630000 -0.0218900000 -0.0156610000
-0.0358260000 0.0167690000 -0.0150870000
0.0110410000 -0.0309670000 0.0242340000
0.0138270000 0.0192690000 0.0353160000
0.0440900000 -0.0179300000 -0.0607320000
-0.0450780000 0.0169520000 -0.0648750000
0.0116900000 0.0141600000 0.0859560000
0.0465090000 -0.0095570000 0.0245040000
-0.0142920000 -0.0263830000 0.0637800000
-0.0368890000 0.0279490000 0.0277220000
-0.0299760000 -0.0183060000 -0.0743980000
0.0261000000 0.0146280000 -0.0638510000
-0.0120080000 -0.0271890000 -0.0553010000
-0.0073870000 0.0266430000 -0.0057160000
-0.0427600000 0.0025490000 0.0490840000
-0.0118720000 0.0238960000 -0.0835190000
-0.0424860000 0.0117280000 0.0061520000
0.0265530000 0.0110850000 -0.0015190000
0.0357420000 -0.0256010000 0.0055130000
-0.0479030000 -0.0008060000 -0.0530290000
-0.0332370000 0.0208110000 -0.0824040000
-0.0274410000 0.0298770000 -0.0436740000
0.0066010000 -0.0246510000 0.0693290000
0.0128770000 -0.0337890000 -0.0808980000
-0.0077060000 -0.0262410000 0.0321800000
0.0018310000 -0.0298130000 -0.0140330000
0.0180010000 -0.0337450000 -0.0298530000
-0.0036810000 0.0285220000 -0.0652470000
0.0079500000 -0.0094150000 0.0923980000
-0.0201740000 -0.0210130000 -0.0356040000
0.0362440000 0.0049700000 -0.0184950000
-0.0209030000 -0.0032360000 0.0829770000
-0.0236400000 0.0132430000 0.0651330000
-0.0411020000 -0.0076060000 -0.0356880000
0.0232320000 0.0137010000 -0.0404760000
0.0312470000 -0.0062750000 0.0608300000
0.0293580000 -0.0348410000 -0.0623860000
0.0194810000 0.0052520000 -0.0833750000
0.0218300000 -0.0326640000 0.0397730000
0.0094010000 -0.0313390000 0.0052750000
0.0047010000 0.0227740000 -0.0308070000
-0.0092110000 0.0277540000 -0.0472050000
-0.0232920000 -0.0181430000 0.0012710000
0.0021550000 0.0200770000 0.0716580000
0.0427560000 -0.0157650000 0.0413000000
0.0433560000 -0.0150420000 -0.0786810000
0.0096570000 0.0203800000 -0.0069460000
-0.0246070000 -0.0180500000 0.0514570000
-0.0107010000 -0.0051480000 0.0976380000
0.0341550000 -0.0212430000 -0.0119280000
-0.0233210000 0.0292090000 -0.0135490000
-0.0168050000 0.0287110000 0.0464700000
-0.0112240000 0.0276060000 0.0115600000
0.0442070000 -0.0131530000 -0.0439110000
0.0422210000 -0.0010830000 -0.0641220000
-0.0400420000 -0.0062190000 0.0340600000
-0.0417520000 -0.0079600000 -0.0672870000
-0.0205880000 -0.0195140000 0.0178420000
0.0255280000 0.0127620000 0.0454600000
-0.0030170000 -0.0143730000 -0.0819350000
-0.0420080000 0.0049620000 -0.0249730000
0.0239540000 -0.0333950000 0.0142120000
-0.0311480000 0.0267070000 -0.0278910000
-0.0269390000 0.0057640000 -0.0804190000
-0.0378590000 0.0288730000 -0.0562700000
-0.0431990000 0.0165960000 0.0395640000
0.0177850000 -0.0303750000 0.0587270000
0.0035820000 0.0081410000 -0.0822240000
-0.0029200000 0.0099700000 0.0934530000
-0.0431310000 -0.0021790000 -0.0020200000
-0.0005170000 0.0252340000 0.0386680000
0.0324190000 -0.0276490000 -0.0282670000
-0.0110740000 -0.0254210000 0.0484940000
0.0170590000 -0.0335760000 -0.0455330000
0.0126600000 0.0226790000 -0.0648310000
0.0414680000 -0.0004760000 0.0128370000
-0.0148360000 0.0256000000 0.0616490000
-0.0161810000 -0.0144240000 0.0734660000
0.0287350000 -0.0101470000 -0.0812630000
0.0126940000 0.0207790000 0.0505160000
-0.0186720000 -0.0127540000 -0.0830940000
0.0402560000 0.0010150000 -0.0325410000
-0.0305940000 -0.0144560000 -0.0267490000
0.0169930000 0.0080040000 0.0731990000
0.0387090000 0.0018460000 0.0302420000
0.0006050000 0.0244480000 0.0236930000
0.0178880000 0.0165880000 0.0212990000
