0.0395930000 -0.0003150000 -0.0078640000
-0.0083420000 -0.0014250000 0.1073010000
-0.0470160000 0.0024900000 -0.0798860000
-0.0482460000 0.0068790000 0.0231360000
0.0274070000 -0.0317550000 -0.0825310000
0.0214640000 -0.0325900000 0.0517990000
-0.0154800000 0.0282970000 -0.0289700000
0.0017500000 0.0253820000 0.0531650000
-0.0042840000 -0.0282860000 -0.0338220000
0.0074520000 0.0224230000 -0.0818130000
-0.0258910000 -0.0171640000 0.0623110000
-0.0108530000 -0.0249640000 0.0151460000
0.0390790000 0.0025880000 -0.0542030000
-0.0408940000 -0.0072110000 -0.0186450000
0.0058180000 0.0223190000 0.0092340000
-0.0151870000 -0.0269440000 -0.0758460000
0.0355870000 0.0047190000 0.0351130000
0.0193040000 -0.0013500000 0.0779040000
0.0293550000 -0.0336190000 0.0121260000
0.0323380000 -0.0339510000 -0.0442440000
-0.0259240000 0.0304720000 -0.0652110000
-0.0339640000 0.0174290000 0.0544940000
-0.0284020000 0.0288970000 0.0039100000
0.0178640000 0.0165130000 -0.0297340000
-0.0348740000 -0.0127280000 -0.0518890000
-0.0136520000 0.0141020000 0.0794940000
-0.0426940000 0.0164260000 -0.0411620000
0.0288590000 -0.0003320000 -0.0835590000
-0.0036440000 -0.0216050000 0.0837800000
-0.0166180000 0.0031710000 -0.0807880000
0.0201000000 -0.0341760000 -0.0166800000
0.0017550000 0.0255440000 -0.0529310000
-0.0184940000 0.0283840000 0.0316660000
-0.0301420000 -0.0132930000 0.0336300000
-0.0059310000 -0.0271910000 0.0438570000
0.0085690000 -0.0340340000 -0.0607290000
0.0417010000 -0.0225680000 0.0351580000
-0.0184580000 -0.0211760000 -0.0110610000
-0.0355160000 -0.0106860000 0.0072020000
0.0258820000 0.0147280000 0.0577280000
0.0408170000 -0.0118570000 -0.0320740000
0.0340000000 -0.0102970000 0.0575510000
0.0073380000 -0.0147500000 -0.0812500000
0.0430450000 -0.0203780000 -0.0653110000
0.0277290000 0.0102180000 0.0117030000
0.0146500000 0.0187750000 0.0326430000
0.0454750000 -0.0076430000 0.0153660000
-0.0357650000 0.0170830000 -0.0170520000
0.0220000000 0.0173480000 -0.0632610000
0.0096610000 -0.0306980000 0.0259880000
