0.0045530000 -0.0333230000 -0.0749070000
-0.0020410000 0.0060120000 0.1073210000
-0.0336780000 0.0266340000 0.0062570000
0.0383070000 -0.0297160000 0.0296270000
-0.0387940000 0.0283190000 -0.0692380000
0.0264950000 0.0112560000 -0.0255200000
-0.0220800000 -0.0196090000 0.0510310000
-0.0222800000 -0.0193600000 -0.0260470000
0.0209560000 0.0166480000 0.0567510000
0.0151940000 0.0208530000 -0.0794780000
0.0463020000 -0.0123540000 -0.0629640000
-0.0251930000 0.0277210000 0.0530070000
0.0209570000 -0.0340980000 -0.0141530000
0.0094320000 0.0210040000 0.0142370000
-0.0135220000 0.0278960000 -0.0331710000
-0.0342480000 -0.0137680000 -0.0803810000
0.0165030000 -0.0237810000 0.0648570000
-0.0090420000 -0.0257490000 0.0125760000
-0.0474230000 0.0032050000 0.0334800000
-0.0478790000 0.0024900000 -0.0432120000
0.0406020000 0.0005190000 0.0075980000
-0.0202180000 0.0032930000 0.0775270000
-0.0410200000 -0.0070400000 0.0008390000
0.0255430000 -0.0346190000 -0.0481940000
0.0194870000 0.0010930000 0.0844950000
-0.0148750000 0.0113570000 -0.0812930000
0.0409570000 -0.0001880000 0.0395870000
-0.0180110000 -0.0244370000 -0.0560700000
-0.0039850000 -0.0205270000 0.0869830000
0.0113050000 0.0213030000 -0.0495640000
0.0217570000 -0.0092770000 -0.0807870000
0.0086710000 -0.0305430000 0.0362210000
0.0388180000 -0.0155690000 -0.0294080000
-0.0367510000 0.0160280000 -0.0204690000
0.0334550000 -0.0342260000 -0.0753270000
-0.0003010000 0.0252620000 0.0403210000
0.0046410000 0.0225970000 -0.0128690000
-0.0123220000 0.0297430000 -0.0609350000
0.0013250000 -0.0300680000 -0.0350950000
-0.0026810000 0.0223800000 0.0689250000
0.0319090000 0.0098870000 -0.0620120000
-0.0287630000 -0.0142650000 0.0259300000
0.0189290000 -0.0328460000 0.0121780000
-0.0496540000 0.0044790000 -0.0694450000
-0.0367160000 0.0021600000 0.0573160000
-0.0370430000 0.0272760000 -0.0435470000
-0.0383590000 0.0269380000 0.0311890000
-0.0096450000 -0.0143870000 -0.0821920000
-0.0032530000 -0.0282020000 -0.0110660000
-0.0135580000 0.0277960000 0.0199470000
0.0310920000 -0.0047150000 0.0611040000
0.0226000000 0.0139460000 0.0329570000
0.0358150000 -0.0210850000 -0.0010870000
0.0235540000 0.0129930000 -0.0025670000
-0.0415180000 -0.0065990000 -0.0229130000
-0.0178620000 0.0289480000 -0.0104340000
-0.0057570000 -0.0294000000 0.0639290000
-0.0371200000 -0.0118490000 -0.0574270000
-0.0225240000 -0.0186440000 -0.0035820000
0.0384810000 0.0026210000 -0.0420740000
0.0336290000 -0.0244620000 0.0506090000
-0.0458950000 0.0098550000 0.0130940000
0.0394550000 -0.0009690000 -0.0137590000
0.0013940000 0.0126190000 0.0873420000
0.0407700000 0.0000780000 -0.0792350000
0.0040610000 0.0020710000 -0.0817940000
-0.0116190000 -0.0245610000 0.0334610000
0.0463470000 -0.0117370000 0.0231180000
-0.0351720000 0.0123810000 -0.0815780000
0.0050300000 -0.0325970000 -0.0547440000
