-0.0326720000 0.0289680000 0.0170430000
0.0335880000 -0.0310700000 -0.0810400000
0.0050260000 -0.0067010000 0.1072610000
-0.0386740000 0.0272900000 -0.0760080000
0.0381770000 -0.0300550000 0.0240490000
-0.0129360000 -0.0244390000 -0.0267480000
-0.0183030000 -0.0218450000 0.0505630000
0.0166170000 0.0193290000 -0.0543610000
0.0254210000 0.0150440000 0.0576520000
0.0186460000 0.0159120000 0.0008080000
-0.0203200000 -0.0237980000 -0.0806000000
0.0372930000 -0.0202510000 -0.0309320000
-0.0239910000 0.0296290000 -0.0302440000
-0.0200810000 0.0234040000 0.0612250000
-0.0449570000 -0.0041540000 -0.0471220000
-0.0309840000 -0.0133830000 0.0103740000
