0.0214090000 0.0168820000 -0.0574220000
-0.0067830000 -0.0052520000 0.1074300000
-0.0474810000 0.0036730000 0.0153290000
0.0442710000 -0.0179470000 0.0281100000
-0.0485310000 0.0019730000 -0.0766530000
-0.0013710000 -0.0289240000 -0.0170520000
0.0019740000 0.0252050000 0.0506650000
-0.0011980000 -0.0322030000 -0.0796520000
-0.0275460000 0.0292880000 -0.0312360000
-0.0007600000 -0.0295840000 0.0580830000
0.0135150000 0.0185910000 -0.0002210000
0.0379110000 -0.0294430000 -0.0480750000
-0.0351810000 0.0002900000 0.0590710000
-0.0142980000 0.0294680000 -0.0798810000
-0.0339040000 -0.0123760000 -0.0393000000
-0.0159480000 -0.0222410000 0.0207730000
0.0422930000 -0.0076890000 -0.0820150000
0.0379470000 -0.0117950000 -0.0116890000
0.0292340000 -0.0030460000 0.0627740000
-0.0183580000 0.0283390000 0.0185250000
0.0089520000 0.0165390000 0.0842780000
0.0166040000 -0.0324360000 0.0124250000
0.0264880000 0.0113250000 0.0310190000
0.0040810000 0.0011750000 -0.0816180000
-0.0312840000 -0.0137170000 -0.0066870000
0.0041150000 0.0229920000 -0.0307680000
0.0060030000 -0.0320130000 -0.0481900000
-0.0394870000 0.0277410000 -0.0606770000
0.0114530000 -0.0177330000 0.0848240000
-0.0276380000 -0.0197850000 -0.0693220000
-0.0287250000 0.0283870000 0.0477030000
0.0410360000 0.0005630000 -0.0398990000
0.0291070000 -0.0343920000 -0.0766040000
0.0284080000 -0.0305990000 0.0504070000
-0.0178730000 -0.0124090000 0.0803320000
-0.0346100000 0.0201150000 -0.0047410000
-0.0151530000 0.0157480000 0.0706370000
0.0251250000 -0.0334620000 -0.0237010000
-0.0096600000 0.0283820000 -0.0532880000
-0.0223000000 0.0042610000 -0.0807300000
-0.0222630000 -0.0191580000 0.0470470000
-0.0445910000 0.0115170000 -0.0404880000
-0.0097080000 0.0272240000 -0.0084540000
0.0398590000 0.0011600000 0.0109670000
0.0257990000 0.0117050000 -0.0220520000
0.0267860000 0.0121400000 -0.0816290000
0.0050610000 0.0230120000 0.0255010000
-0.0452360000 0.0118660000 0.0386850000
0.0043830000 -0.0297010000 0.0337450000
-0.0136120000 -0.0245200000 -0.0365910000
-0.0350010000 -0.0101280000 0.0297090000
0.0082640000 0.0246490000 -0.0750160000
0.0468540000 -0.0108550000 -0.0593920000
-0.0416870000 0.0026480000 -0.0192860000
0.0194870000 0.0179020000 0.0636690000
0.0416280000 -0.0013700000 0.0436830000
0.0373350000 -0.0244390000 0.0073840000
-0.0404940000 0.0247520000 0.0207940000
-0.0355830000 0.0221030000 -0.0819530000
0.0211180000 -0.0137760000 -0.0804550000
-0.0096800000 0.0069210000 0.0897030000
-0.0030300000 -0.0281060000 0.0044450000
-0.0457030000 -0.0035300000 -0.0558080000
0.0295240000 -0.0332350000 0.0291370000
-0.0104990000 -0.0285980000 -0.0608410000
-0.0117390000 -0.0144120000 -0.0823710000
0.0100770000 0.0003860000 0.0970390000
0.0183530000 -0.0210980000 0.0655860000
0.0381670000 -0.0183970000 -0.0309690000
0.0368050000 0.0057690000 -0.0650190000
0.0192370000 0.0000960000 0.0795430000
-0.0120140000 0.0277810000 0.0371600000
0.0223560000 -0.0351340000 -0.0584270000
0.0298130000 0.0089790000 -0.0035250000
0.0150280000 -0.0330200000 -0.0066390000
-0.0177850000 -0.0233450000 0.0647500000
-0.0185250000 -0.0212720000 -0.0188130000
-0.0302480000 -0.0137390000 0.0119170000
-0.0019740000 0.0251320000 0.0083450000
-0.0347390000 -0.0093300000 -0.0829460000
