-0.0286800000 0.0293780000 -0.0796680000
0.0045600000 -0.0066310000 0.1073830000
0.0286620000 -0.0315820000 -0.0016880000
-0.0402360000 0.0252510000 0.0301330000
0.0448860000 -0.0085210000 -0.0794950000
-0.0326560000 -0.0132040000 -0.0260480000
0.0234850000 0.0142980000 0.0468780000
-0.0117090000 -0.0282020000 -0.0801090000
0.0176100000 0.0167810000 -0.0335260000
-0.0205460000 -0.0209890000 0.0578210000
0.0242730000 -0.0330920000 0.0455520000
0.0219930000 -0.0343160000 -0.0478820000
-0.0213180000 0.0293930000 -0.0118240000
-0.0129240000 -0.0239280000 0.0135570000
0.0138850000 0.0215840000 -0.0773420000
-0.0149900000 0.0211430000 0.0656030000
0.0287740000 0.0094960000 0.0059130000
-0.0429910000 -0.0061410000 -0.0651030000
-0.0028040000 0.0254420000 0.0214910000
-0.0390220000 0.0249180000 -0.0440260000
-0.0434890000 -0.0041250000 0.0080330000
0.0450320000 -0.0061490000 -0.0426080000
0.0172380000 -0.0102130000 0.0732310000
0.0461640000 -0.0087430000 0.0311360000
-0.0009580000 -0.0290560000 -0.0205740000
0.0217100000 -0.0332140000 -0.0818000000
-0.0070860000 0.0278060000 -0.0525380000
-0.0203670000 -0.0041990000 0.0861630000
-0.0413590000 -0.0050540000 0.0398980000
-0.0143420000 -0.0252200000 -0.0486840000
-0.0112970000 0.0030710000 -0.0806370000
0.0080110000 0.0164750000 0.0859470000
0.0061880000 0.0219580000 -0.0068490000
0.0387620000 -0.0082360000 -0.0146560000
0.0158350000 -0.0059970000 -0.0809740000
0.0296000000 0.0109630000 -0.0575410000
-0.0022420000 -0.0281800000 0.0383490000
-0.0392380000 0.0098640000 -0.0145700000
0.0363710000 -0.0074410000 0.0555420000
0.0034740000 -0.0299480000 0.0635660000
0.0366690000 -0.0313700000 0.0230290000
-0.0472670000 0.0011150000 -0.0410400000
-0.0014280000 -0.0209950000 0.0867620000
-0.0177420000 0.0285960000 0.0416140000
0.0117390000 -0.0313330000 0.0175540000
-0.0313210000 0.0022880000 0.0622160000
0.0412850000 -0.0243470000 -0.0603100000
-0.0366530000 0.0228380000 0.0061350000
0.0310840000 -0.0286840000 -0.0259720000
0.0086950000 0.0252430000 0.0627580000
-0.0043250000 0.0257730000 -0.0286870000
-0.0446940000 0.0178160000 -0.0663330000
-0.0293350000 -0.0120380000 -0.0835060000
0.0036820000 -0.0333650000 -0.0629200000
0.0424330000 -0.0136420000 0.0083350000
-0.0267860000 -0.0161950000 -0.0036300000
-0.0227990000 -0.0180290000 0.0343110000
0.0181430000 0.0164410000 0.0248050000
-0.0070110000 0.0286230000 -0.0747200000
0.0319000000 0.0092590000 -0.0803970000
-0.0327100000 -0.0136760000 -0.0475740000
-0.0352550000 0.0202050000 0.0509010000
0.0044430000 0.0237470000 0.0416590000
0.0280660000 0.0102850000 -0.0155670000
