0.0225240000 -0.0350630000 -0.0576860000
-0.0052660000 0.0045420000 0.1073270000
-0.0348590000 0.0261520000 0.0075900000
0.0447470000 -0.0166860000 0.0311290000
-0.0360240000 0.0266710000 -0.0804620000
-0.0180350000 -0.0218910000 0.0490670000
0.0213630000 0.0144130000 -0.0185020000
-0.0304910000 -0.0146500000 -0.0369370000
0.0209390000 0.0183040000 -0.0793800000
0.0163840000 0.0205690000 0.0596250000
0.0025570000 -0.0297810000 0.0015450000
-0.0155040000 -0.0179470000 -0.0835340000
-0.0303340000 0.0230450000 0.0541160000
-0.0170490000 0.0286630000 -0.0392720000
0.0051110000 0.0227660000 0.0192210000
0.0203300000 -0.0203190000 0.0646300000
0.0421030000 -0.0004940000 -0.0499320000
-0.0315570000 -0.0129330000 0.0126310000
0.0339060000 -0.0221920000 -0.0192440000
0.0370150000 -0.0141390000 -0.0819640000
-0.0097640000 -0.0197790000 0.0827850000
-0.0435910000 -0.0047950000 -0.0677780000
0.0000530000 -0.0296240000 -0.0323740000
0.0144360000 -0.0313950000 0.0333240000
0.0327700000 0.0068560000 0.0112620000
-0.0478330000 0.0071740000 0.0319150000
-0.0388250000 0.0122800000 -0.0213520000
-0.0098740000 0.0163550000 0.0778830000
0.0126360000 0.0205310000 -0.0485500000
0.0185490000 0.0031670000 0.0860810000
-0.0067050000 0.0264620000 -0.0096100000
-0.0068470000 0.0286510000 -0.0710850000
0.0317350000 -0.0322530000 0.0088960000
-0.0427850000 0.0207130000 -0.0518580000
0.0373950000 0.0010260000 0.0534450000
0.0117140000 -0.0280710000 -0.0835960000
-0.0052390000 -0.0305870000 -0.0604440000
-0.0199620000 -0.0203240000 -0.0118640000
-0.0381080000 -0.0038500000 0.0556160000
-0.0053270000 0.0268290000 0.0439870000
-0.0013960000 0.0042920000 -0.0816890000
-0.0102810000 -0.0251570000 0.0239760000
0.0238110000 0.0132800000 0.0349460000
0.0395140000 -0.0242040000 -0.0434010000
-0.0265290000 0.0288510000 0.0306590000
0.0398830000 0.0003320000 -0.0256840000
-0.0257510000 0.0049270000 -0.0805070000
-0.0267120000 -0.0198740000 -0.0599000000
-0.0006090000 -0.0310900000 0.0621990000
-0.0429880000 0.0038600000 0.0005160000
-0.0219190000 -0.0028500000 0.0722500000
-0.0470640000 0.0012980000 -0.0400280000
0.0328040000 -0.0289750000 0.0472430000
0.0398380000 -0.0120170000 0.0004530000
-0.0325920000 -0.0116900000 0.0351770000
0.0219040000 -0.0343570000 -0.0340110000
-0.0388640000 -0.0095050000 -0.0168450000
0.0369590000 0.0053420000 -0.0710380000
0.0026200000 0.0235310000 -0.0292760000
0.0117770000 -0.0174870000 0.0847930000
-0.0260760000 0.0306540000 -0.0613570000
0.0314250000 -0.0343920000 -0.0773350000
0.0166490000 -0.0073650000 -0.0807760000
-0.0138320000 0.0280140000 0.0108220000
-0.0254320000 0.0288160000 -0.0196790000
0.0162230000 0.0172220000 0.0020650000
0.0172990000 -0.0337540000 -0.0133390000
0.0444690000 -0.0169940000 -0.0623520000
0.0275040000 0.0106750000 -0.0383520000
-0.0128840000 -0.0012280000 0.0899170000
-0.0151640000 -0.0243580000 -0.0446770000
-0.0016880000 0.0267110000 0.0632170000
0.0243720000 -0.0000840000 0.0678030000
0.0388610000 0.0017190000 0.0295400000
0.0338750000 -0.0327580000 0.0282790000
-0.0463600000 0.0140220000 -0.0704170000
0.0350570000 0.0057780000 -0.0077270000
0.0002020000 -0.0118280000 0.0988390000
-0.0336890000 -0.0122600000 -0.0821650000
0.0090200000 0.0160040000 0.0762470000
-0.0158000000 -0.0224270000 0.0063120000
-0.0014400000 -0.0285680000 0.0426710000
-0.0350790000 0.0257710000 -0.0353280000
-0.0043390000 0.0272320000 -0.0527500000
0.0274100000 0.0124580000 -0.0568150000
0.0148660000 -0.0325610000 0.0518460000
-0.0184850000 0.0219570000 -0.0836610000
-0.0188560000 -0.0200830000 0.0670510000
-0.0422370000 0.0223180000 0.0238560000
0.0098590000 0.0240830000 -0.0661170000
