0.0065000000 -0.0020590000 -0.0166850000
-0.0424860000 0.0040000000 0.0121160000
-0.0043300000 0.0420880000 0.0123150000
-0.0141420000 -0.0402080000 0.0122500000
0.0378030000 0.0198600000 0.0116280000
0.0316720000 -0.0283990000 0.0121800000
-0.0284070000 0.0281990000 -0.0204600000
-0.0333070000 -0.0213950000 -0.0205980000
0.0189010000 0.0360200000 -0.0199180000
0.0096410000 -0.0404900000 -0.0182040000
0.0420810000 -0.0013260000 -0.0168540000
-0.0104790000 0.0102100000 0.0084410000
0.0044320000 -0.0173750000 0.0084840000
-0.0297910000 0.0301290000 0.0116210000
-0.0353500000 -0.0227510000 0.0074320000
-0.0417490000 0.0045400000 -0.0158510000
0.0326000000 -0.0265870000 -0.0155340000
-0.0063550000 0.0412050000 -0.0142610000
0.0155810000 0.0064320000 0.0085120000
-0.0159160000 -0.0389730000 -0.0137100000
0.0422660000 -0.0052260000 0.0116970000
0.0194950000 0.0370460000 0.0059370000
-0.0170860000 0.0063720000 -0.0172260000
0.0106300000 -0.0414360000 0.0117720000
0.0361170000 0.0210830000 -0.0120720000
-0.0109460000 -0.0168550000 -0.0172650000
0.0017650000 0.0202030000 -0.0174380000
-0.0167190000 -0.0109120000 0.0085370000
0.0046500000 0.0235790000 0.0086130000
0.0136140000 -0.0209240000 -0.0180550000
-0.0368770000 0.0197910000 -0.0037150000
0.0240560000 0.0067920000 -0.0180300000
0.0238600000 -0.0110600000 0.0086720000
0.0216990000 -0.0360940000 -0.0033790000
-0.0009280000 -0.0422360000 -0.0029250000
-0.0219900000 0.0356380000 -0.0047460000
-0.0403780000 -0.0112780000 -0.0063510000
0.0396140000 -0.0141690000 -0.0041340000
0.0415390000 0.0074160000 -0.0012330000
-0.0276440000 0.0125820000 0.0089910000
0.0274540000 -0.0103070000 -0.0187680000
-0.0126670000 0.0273670000 0.0090280000
-0.0292060000 -0.0304190000 -0.0066000000
0.0055340000 0.0414180000 -0.0024160000
-0.0286990000 -0.0054730000 -0.0185890000
0.0011390000 -0.0013230000 0.0083860000
0.0217870000 0.0213540000 0.0090180000
-0.0030280000 -0.0306830000 -0.0188290000
-0.0096470000 -0.0252400000 0.0085670000
-0.0124480000 0.0272360000 -0.0187910000
-0.0320970000 -0.0073890000 0.0090150000
0.0165510000 -0.0273220000 0.0087680000
0.0267830000 0.0322780000 -0.0069060000
0.0175100000 0.0207630000 -0.0181780000
0.0306650000 0.0043950000 0.0089340000
-0.0299990000 0.0136160000 -0.0177600000
-0.0265700000 -0.0329810000 0.0123750000
-0.0415400000 0.0063680000 -0.0018110000
0.0050690000 0.0339400000 -0.0186040000
0.0211530000 -0.0327310000 -0.0207510000
-0.0095820000 0.0406290000 -0.0007880000
0.0322680000 -0.0271040000 -0.0015710000
-0.0208750000 -0.0266200000 -0.0175850000
-0.0072980000 -0.0036730000 -0.0165740000
-0.0189980000 -0.0375180000 -0.0002390000
0.0368470000 0.0105530000 -0.0208330000
-0.0013630000 -0.0358980000 0.0089720000
0.0382750000 -0.0174450000 0.0088740000
0.0020690000 -0.0147280000 -0.0168850000
-0.0205500000 0.0015780000 0.0085340000
0.0086900000 0.0414760000 0.0121410000
0.0285290000 0.0271830000 -0.0207220000
-0.0039010000 0.0086910000 -0.0167350000
-0.0187470000 0.0382460000 0.0118770000
0.0100520000 0.0101770000 -0.0169320000
0.0393910000 -0.0142180000 -0.0168760000
0.0338790000 0.0245190000 0.0001250000
-0.0375010000 0.0200960000 0.0113970000
0.0299940000 0.0304470000 0.0120450000
0.0022940000 0.0112150000 0.0083870000
