-0.0087150000 0.0263820000 0.0087320000
0.0134750000 -0.0392850000 -0.0188880000
-0.0340680000 -0.0256860000 0.0115960000
0.0424200000 0.0000560000 0.0116590000
-0.0400700000 0.0079420000 -0.0202800000
0.0268410000 0.0291930000 -0.0206830000
0.0035390000 -0.0117910000 0.0084040000
0.0371670000 -0.0130270000 -0.0208000000
-0.0215920000 -0.0336060000 -0.0205390000
0.0235590000 0.0351200000 0.0121570000
-0.0392640000 0.0149850000 0.0117140000
-0.0074810000 0.0059750000 -0.0167060000
-0.0041030000 0.0396730000 -0.0206110000
0.0299010000 -0.0305620000 0.0117450000
-0.0063710000 -0.0424110000 0.0116220000
-0.0281170000 0.0309670000 -0.0104060000
0.0109890000 -0.0128450000 -0.0175110000
0.0180880000 0.0098780000 0.0085970000
-0.0210300000 -0.0032180000 0.0085600000
-0.0386620000 -0.0165570000 -0.0125330000
0.0407900000 0.0104680000 -0.0112900000
0.0151200000 0.0098180000 -0.0173350000
0.0057200000 0.0413900000 -0.0004070000
-0.0109270000 -0.0152410000 -0.0172150000
0.0129000000 -0.0401070000 0.0026420000
-0.0422730000 -0.0060610000 0.0109610000
0.0299990000 -0.0295360000 -0.0096930000
-0.0053530000 -0.0416970000 -0.0097410000
0.0244890000 -0.0104230000 0.0086640000
0.0370090000 0.0197320000 0.0071270000
-0.0137720000 -0.0232820000 0.0085800000
-0.0280430000 0.0319340000 0.0116410000
-0.0033860000 0.0070510000 0.0083350000
0.0400020000 -0.0130430000 -0.0019210000
-0.0245170000 -0.0023080000 -0.0179200000
-0.0128740000 0.0397290000 -0.0040150000
-0.0240340000 -0.0345960000 -0.0019910000
-0.0130380000 0.0237520000 -0.0182380000
0.0085000000 0.0267030000 -0.0184650000
0.0091280000 0.0252460000 0.0086480000
-0.0417590000 0.0050110000 -0.0027970000
-0.0218930000 0.0145630000 0.0085810000
0.0217280000 0.0357150000 -0.0052610000
0.0004090000 -0.0280520000 -0.0183370000
0.0145090000 -0.0245270000 0.0088650000
-0.0052090000 0.0421990000 0.0121170000
0.0293860000 0.0014700000 -0.0189240000
-0.0254750000 0.0138240000 -0.0185240000
0.0340460000 0.0241680000 -0.0076570000
-0.0366930000 0.0201270000 -0.0030160000
0.0386810000 -0.0171390000 0.0125020000
0.0002370000 -0.0291430000 0.0090570000
-0.0203640000 -0.0371010000 0.0122610000
-0.0252740000 -0.0193950000 -0.0182640000
0.0186970000 -0.0253680000 -0.0185500000
0.0101970000 0.0404320000 -0.0141050000
-0.0180690000 0.0370400000 -0.0186800000
0.0291540000 0.0155760000 -0.0178020000
-0.0385950000 -0.0167170000 0.0017070000
0.0051450000 -0.0001500000 -0.0166180000
0.0108650000 0.0407800000 0.0123560000
0.0419090000 -0.0031800000 -0.0116190000
-0.0375580000 -0.0055580000 -0.0204370000
0.0293010000 0.0022730000 0.0090970000
-0.0327510000 0.0035050000 0.0090690000
0.0238220000 0.0221060000 0.0089660000
0.0134610000 -0.0026850000 0.0084410000
-0.0251270000 -0.0160730000 0.0090290000
0.0242330000 -0.0110160000 -0.0180900000
0.0026990000 0.0147180000 -0.0171000000
-0.0097520000 -0.0103020000 0.0084130000
-0.0357320000 0.0217930000 -0.0165650000
-0.0317180000 -0.0277550000 -0.0104870000
-0.0170540000 0.0381950000 0.0086950000
0.0413760000 0.0083240000 0.0017300000
0.0345550000 -0.0240630000 0.0016090000
0.0244570000 -0.0342800000 0.0009320000
-0.0091600000 -0.0360440000 -0.0205340000
-0.0129820000 -0.0400340000 0.0003000000
0.0006570000 -0.0422700000 0.0012350000
0.0314130000 -0.0241110000 -0.0207880000
0.0198680000 -0.0376350000 0.0123400000
-0.0415590000 -0.0053530000 -0.0090150000
0.0056740000 -0.0419870000 0.0122240000
0.0066680000 0.0135480000 0.0084980000
0.0082290000 -0.0413340000 -0.0082690000
0.0017650000 -0.0411070000 -0.0197770000
-0.0167690000 -0.0385840000 -0.0109620000
0.0295460000 0.0296550000 0.0017740000
0.0168150000 -0.0018450000 -0.0175410000
-0.0022940000 0.0416810000 -0.0092160000
-0.0241630000 0.0341570000 0.0001110000
0.0201710000 -0.0369750000 -0.0095320000
0.0369880000 -0.0198380000 -0.0108290000
0.0188570000 0.0208460000 -0.0185420000
-0.0255940000 0.0257740000 -0.0204160000
-0.0004230000 -0.0104640000 -0.0167110000
-0.0132350000 -0.0039710000 -0.0165080000
0.0006420000 0.0328390000 0.0091170000
0.0402450000 0.0040460000 -0.0205290000
