0.0042040000 -0.0208000000 0.0085660000
-0.0104470000 0.0398860000 -0.0188570000
0.0387240000 0.0128730000 -0.0199890000
-0.0406060000 -0.0060930000 -0.0197480000
0.0205130000 0.0367100000 0.0123380000
-0.0355070000 0.0227900000 0.0122750000
0.0310850000 -0.0263150000 -0.0202410000
-0.0167550000 -0.0371760000 -0.0200280000
0.0414170000 -0.0081670000 0.0120290000
-0.0333910000 -0.0258170000 0.0121790000
0.0025030000 0.0056860000 -0.0167350000
-0.0103920000 0.0410510000 0.0122160000
0.0196550000 0.0365210000 -0.0180810000
-0.0132120000 0.0034230000 0.0084160000
-0.0347970000 0.0228640000 -0.0174750000
0.0171850000 0.0078400000 0.0085030000
0.0092950000 -0.0410780000 -0.0100370000
0.0286350000 -0.0319210000 0.0114030000
-0.0120940000 -0.0411280000 0.0116350000
-0.0418640000 -0.0020830000 0.0062170000
-0.0160380000 -0.0118990000 -0.0171200000
0.0084900000 -0.0178290000 -0.0173470000
0.0396350000 0.0160320000 0.0117370000
0.0412870000 -0.0080690000 -0.0110830000
-0.0335700000 -0.0252970000 -0.0102690000
-0.0002630000 0.0216040000 0.0085600000
0.0048740000 0.0415140000 -0.0030250000
0.0094830000 -0.0416700000 0.0117900000
-0.0241590000 0.0341810000 -0.0026140000
-0.0139400000 0.0189240000 -0.0179760000
