-0.0191290000 0.0263690000 0.0090150000
0.0233440000 -0.0341060000 -0.0193680000
0.0400100000 0.0146660000 0.0120630000
-0.0274450000 -0.0327540000 0.0120970000
0.0153200000 0.0368210000 -0.0206200000
-0.0409430000 -0.0022780000 -0.0201320000
0.0052720000 -0.0076180000 0.0083720000
0.0402150000 -0.0016720000 -0.0206180000
-0.0126920000 -0.0375240000 -0.0206290000
0.0061020000 -0.0424030000 0.0111810000
0.0376330000 -0.0201670000 0.0115930000
0.0111560000 0.0406920000 0.0124080000
-0.0091540000 0.0082760000 -0.0167870000
-0.0422990000 0.0030490000 0.0123290000
-0.0155360000 0.0379960000 -0.0191900000
0.0138680000 -0.0083960000 -0.0174990000
-0.0356290000 0.0219280000 -0.0112740000
0.0353700000 0.0222330000 -0.0124930000
-0.0334810000 -0.0254680000 -0.0118100000
-0.0200750000 -0.0085460000 0.0085640000
