-0.0323310000 -0.0030730000 0.0088340000
0.0419430000 0.0029070000 -0.0171640000
0.0069340000 0.0420040000 0.0118410000
0.0136450000 -0.0405710000 0.0120000000
-0.0245110000 0.0319720000 -0.0203860000
-0.0187440000 -0.0360550000 -0.0202320000
0.0090450000 0.0005630000 0.0083850000
0.0216510000 0.0332400000 -0.0206130000
0.0259650000 -0.0300170000 -0.0207000000
0.0394390000 -0.0165520000 0.0120220000
0.0361480000 0.0223630000 0.0115820000
-0.0270670000 0.0323310000 0.0125170000
-0.0238850000 -0.0348990000 0.0122990000
-0.0121670000 0.0015520000 -0.0166420000
-0.0390300000 -0.0129880000 -0.0195760000
0.0157490000 -0.0049510000 -0.0175080000
-0.0400750000 0.0123020000 -0.0117240000
-0.0018020000 0.0416750000 -0.0128020000
0.0049450000 -0.0418270000 -0.0124710000
-0.0028370000 -0.0216910000 0.0085480000
-0.0128220000 0.0123990000 0.0084990000
0.0034000000 0.0189570000 -0.0173910000
-0.0023850000 -0.0195710000 -0.0172830000
0.0145290000 0.0216970000 0.0086390000
0.0184710000 -0.0194500000 0.0086110000
0.0384710000 -0.0168450000 -0.0094020000
0.0420720000 0.0031490000 0.0046510000
0.0356300000 0.0218570000 -0.0095370000
-0.0350580000 -0.0232880000 -0.0013670000
-0.0060180000 -0.0417740000 0.0050220000
-0.0394290000 0.0159200000 0.0114360000
-0.0111440000 0.0402260000 0.0046500000
0.0193420000 0.0369900000 -0.0017860000
0.0247430000 -0.0340950000 -0.0021820000
-0.0139170000 -0.0065500000 0.0084360000
-0.0205700000 -0.0153740000 -0.0178350000
0.0212300000 0.0128330000 -0.0180430000
-0.0318250000 0.0272170000 -0.0042850000
0.0253440000 0.0076200000 0.0086510000
-0.0240400000 0.0145730000 -0.0184410000
-0.0022140000 0.0259230000 0.0085970000
-0.0417420000 -0.0038560000 -0.0053000000
-0.0236200000 -0.0349170000 -0.0044410000
-0.0320160000 -0.0273490000 -0.0166930000
-0.0281780000 -0.0011450000 -0.0183000000
-0.0235660000 -0.0192400000 0.0089830000
0.0302960000 -0.0296600000 0.0120350000
-0.0088360000 0.0288780000 -0.0188850000
0.0134940000 -0.0206550000 -0.0180660000
0.0253270000 0.0335520000 0.0121990000
