0.0109720000 0.0085270000 0.0084510000
-0.0324670000 -0.0255500000 -0.0193530000
0.0199670000 -0.0359440000 -0.0197000000
-0.0304340000 0.0278540000 -0.0188360000
-0.0081590000 -0.0417890000 0.0123370000
-0.0419070000 0.0013900000 0.0120710000
0.0409200000 0.0006540000 -0.0200670000
0.0100620000 0.0390200000 -0.0203920000
-0.0110040000 0.0408280000 0.0124170000
0.0368700000 -0.0209970000 0.0120640000
-0.0021770000 -0.0103430000 -0.0167110000
0.0416590000 0.0096560000 0.0111690000
0.0196390000 0.0376990000 0.0120710000
-0.0168160000 -0.0138830000 0.0085600000
-0.0082640000 -0.0412100000 -0.0169270000
-0.0420120000 0.0015910000 -0.0168770000
0.0328010000 0.0259020000 -0.0101280000
-0.0173080000 0.0139680000 0.0085810000
0.0097270000 -0.0211870000 0.0085810000
-0.0055810000 0.0167560000 -0.0174210000
0.0168980000 0.0062790000 -0.0173700000
0.0364760000 -0.0208390000 -0.0115390000
-0.0111990000 0.0402510000 -0.0110540000
-0.0379860000 -0.0181390000 0.0013260000
-0.0369120000 0.0196970000 0.0004810000
0.0095910000 -0.0410840000 -0.0005050000
-0.0237430000 -0.0348290000 -0.0013270000
-0.0205140000 0.0010720000 -0.0169800000
0.0180080000 -0.0144330000 -0.0180200000
0.0268940000 -0.0038350000 0.0087100000
0.0028780000 0.0268380000 0.0086230000
0.0236440000 -0.0355610000 0.0121020000
