-0.0404240000 -0.0130340000 0.0118140000
0.0394500000 0.0112810000 -0.0197300000
-0.0071690000 0.0418010000 0.0119210000
0.0174750000 -0.0391970000 0.0117800000
-0.0343840000 0.0207180000 -0.0205400000
-0.0160600000 -0.0365490000 -0.0206100000
0.0004130000 -0.0001330000 0.0083620000
0.0296920000 0.0305970000 0.0121790000
0.0118400000 0.0374110000 -0.0206850000
0.0413160000 -0.0094310000 0.0120140000
0.0309880000 -0.0254020000 -0.0205580000
-0.0185790000 -0.0379870000 0.0123130000
-0.0351110000 0.0233810000 0.0122710000
-0.0373070000 -0.0117350000 -0.0205840000
-0.0058980000 0.0136900000 -0.0170780000
0.0034010000 -0.0147660000 -0.0170370000
