0.0011470000 0.0167090000 0.0084820000
-0.0010210000 -0.0411210000 -0.0199900000
-0.0410450000 -0.0038710000 -0.0196040000
0.0404160000 -0.0067190000 -0.0200020000
-0.0288880000 -0.0312870000 0.0119440000
0.0270590000 -0.0326520000 0.0121070000
-0.0232270000 0.0331070000 -0.0202250000
0.0258010000 0.0311220000 -0.0200830000
0.0398230000 0.0149270000 0.0121640000
-0.0381080000 0.0180470000 0.0120570000
-0.0061080000 -0.0066400000 -0.0166260000
-0.0011690000 -0.0428530000 0.0109560000
-0.0284230000 -0.0303900000 -0.0176300000
0.0020460000 0.0418220000 -0.0064130000
0.0266260000 -0.0322790000 -0.0172690000
0.0074860000 -0.0116320000 0.0084400000
-0.0202700000 -0.0042010000 0.0085630000
-0.0184540000 0.0380040000 0.0121940000
0.0218870000 0.0362270000 0.0123210000
0.0172360000 0.0057840000 -0.0173750000
0.0406850000 -0.0107420000 0.0065160000
-0.0026410000 0.0201400000 -0.0173420000
-0.0379940000 0.0175260000 -0.0111200000
0.0393690000 0.0145000000 -0.0109340000
-0.0396040000 -0.0140790000 0.0012920000
0.0202330000 0.0060240000 0.0086200000
0.0132000000 -0.0155770000 -0.0173180000
-0.0095850000 -0.0237930000 0.0086230000
-0.0201940000 0.0087170000 -0.0178630000
0.0135990000 -0.0398740000 -0.0032430000
-0.0146270000 -0.0394290000 -0.0042260000
-0.0187060000 0.0155660000 0.0085970000
0.0004850000 0.0419960000 0.0125480000
-0.0104360000 -0.0249780000 -0.0180390000
-0.0240400000 -0.0120060000 -0.0177760000
-0.0285250000 0.0305740000 -0.0018970000
0.0305650000 0.0285220000 -0.0021050000
-0.0422000000 0.0002830000 0.0120950000
0.0368290000 -0.0201990000 -0.0085190000
0.0243640000 -0.0157380000 0.0090310000
0.0089170000 -0.0287970000 0.0091480000
-0.0065570000 0.0373890000 -0.0206380000
0.0103470000 0.0383600000 -0.0207040000
-0.0041310000 0.0005960000 0.0083030000
-0.0146560000 0.0391130000 -0.0058610000
-0.0419170000 0.0027160000 -0.0042690000
0.0174480000 0.0378410000 -0.0034520000
0.0165580000 0.0216400000 0.0086690000
0.0134270000 0.0212640000 -0.0180850000
0.0420670000 -0.0001370000 -0.0052390000
0.0108190000 -0.0310680000 -0.0179740000
-0.0378150000 -0.0183170000 -0.0138530000
-0.0319120000 -0.0274070000 -0.0030230000
-0.0160970000 -0.0396730000 0.0115760000
0.0254160000 -0.0068030000 -0.0180330000
0.0022570000 0.0059200000 -0.0167150000
-0.0067370000 0.0293890000 0.0090500000
-0.0273510000 -0.0170210000 0.0087350000
0.0274410000 -0.0319230000 -0.0025040000
0.0340410000 0.0017720000 0.0094470000
-0.0159590000 -0.0383190000 -0.0187160000
0.0271600000 0.0167130000 -0.0183050000
-0.0004080000 -0.0422810000 -0.0053540000
-0.0299250000 0.0067030000 0.0089420000
0.0325700000 0.0270900000 0.0119240000
-0.0297620000 0.0297350000 0.0120590000
0.0351320000 -0.0232400000 0.0053170000
-0.0162090000 0.0217000000 -0.0179850000
0.0330820000 0.0044420000 -0.0177580000
0.0299030000 -0.0193560000 -0.0200310000
-0.0349150000 0.0080210000 -0.0200800000
0.0068940000 0.0309110000 0.0087790000
0.0158360000 -0.0398420000 0.0118250000
-0.0298150000 0.0216250000 -0.0205300000
0.0005280000 -0.0181510000 -0.0173600000
-0.0095120000 -0.0110420000 0.0084150000
0.0075010000 0.0056960000 0.0083620000
0.0277210000 0.0160540000 0.0088130000
0.0094350000 -0.0039520000 -0.0167470000
0.0374200000 0.0188700000 0.0008320000
-0.0394070000 0.0141460000 0.0004660000
-0.0088960000 0.0408100000 0.0049700000
-0.0322920000 -0.0059830000 0.0089890000
0.0179260000 -0.0057390000 0.0085530000
-0.0237190000 -0.0348320000 0.0019620000
-0.0272230000 -0.0006840000 -0.0178830000
0.0331140000 0.0253900000 -0.0130490000
-0.0086510000 0.0098790000 -0.0167510000
0.0414060000 0.0081790000 0.0029400000
0.0080360000 0.0410540000 0.0034880000
-0.0383230000 -0.0183650000 0.0118550000
-0.0180880000 0.0270010000 0.0088890000
0.0022660000 0.0303760000 -0.0188640000
-0.0410600000 -0.0084650000 -0.0085330000
0.0086820000 -0.0412310000 -0.0134500000
-0.0003820000 -0.0299100000 -0.0188500000
-0.0084890000 0.0110020000 0.0084180000
-0.0019340000 -0.0319130000 0.0087520000
-0.0160220000 -0.0017660000 -0.0173630000
0.0012050000 -0.0209190000 0.0085500000
0.0194130000 -0.0255280000 0.0087040000
-0.0234370000 -0.0350740000 -0.0088830000
-0.0210900000 -0.0224880000 -0.0188100000
0.0189900000 0.0372070000 -0.0142620000
-0.0202710000 -0.0254920000 0.0088620000
0.0200590000 -0.0238110000 -0.0186750000
-0.0135840000 -0.0147030000 -0.0171700000
0.0406030000 -0.0110250000 -0.0044490000
-0.0313170000 0.0277740000 -0.0118410000
0.0188520000 -0.0376720000 -0.0122610000
-0.0343290000 0.0239710000 0.0041290000
0.0074390000 -0.0415250000 0.0051450000
-0.0207530000 0.0364410000 0.0021510000
-0.0087850000 -0.0412040000 0.0041230000
0.0367270000 0.0135960000 -0.0208370000
-0.0081910000 -0.0413220000 -0.0119740000
-0.0233570000 0.0347600000 -0.0096740000
0.0311120000 -0.0080910000 0.0087820000
0.0206870000 -0.0366750000 0.0033860000
-0.0170580000 0.0054150000 0.0084830000
-0.0158030000 0.0386440000 -0.0161110000
0.0126520000 0.0401590000 0.0123480000
-0.0340650000 -0.0112310000 -0.0198740000
-0.0284970000 0.0176210000 0.0092370000
0.0018690000 0.0417190000 -0.0164240000
-0.0306900000 -0.0205840000 -0.0205390000
0.0242890000 0.0341550000 0.0029240000
-0.0417210000 -0.0037930000 0.0031830000
