0.0008200000 0.0148240000 0.0084220000
-0.0010210000 -0.0411210000 -0.0199900000
-0.0407550000 -0.0045820000 -0.0200130000
0.0403870000 -0.0073340000 -0.0198020000
-0.0283730000 -0.0309720000 0.0121030000
0.0269810000 -0.0331700000 0.0119890000
-0.0232270000 0.0331070000 -0.0202250000
0.0258220000 0.0313360000 -0.0198770000
0.0397700000 0.0144950000 0.0123000000
-0.0382290000 0.0173780000 0.0119150000
-0.0067670000 -0.0073030000 -0.0166330000
-0.0170020000 0.0390260000 0.0115630000
0.0202900000 0.0373200000 0.0120320000
-0.0010830000 -0.0428340000 0.0107160000
-0.0282140000 -0.0309740000 -0.0171370000
0.0264400000 -0.0326280000 -0.0169880000
0.0060880000 -0.0135580000 0.0084410000
-0.0204930000 -0.0041990000 0.0085590000
0.0019400000 0.0417680000 -0.0094300000
0.0166920000 0.0059380000 -0.0174280000
0.0405610000 -0.0112280000 0.0065230000
-0.0047810000 0.0173350000 -0.0174080000
-0.0381980000 0.0170930000 -0.0114700000
0.0393690000 0.0145000000 -0.0109340000
-0.0396040000 -0.0140790000 0.0012920000
0.0204950000 0.0035340000 0.0086340000
0.0132000000 -0.0155770000 -0.0173180000
-0.0222760000 0.0060480000 -0.0180580000
-0.0146270000 -0.0394290000 -0.0042260000
0.0120210000 -0.0404010000 -0.0045360000
-0.0186900000 0.0188580000 0.0085680000
-0.0099550000 -0.0250120000 0.0085780000
0.0014990000 0.0343960000 0.0094100000
0.0306600000 0.0284570000 -0.0012710000
-0.0280280000 0.0310250000 -0.0021080000
-0.0243570000 -0.0129200000 -0.0179460000
-0.0103930000 -0.0253290000 -0.0181130000
-0.0417880000 0.0037770000 0.0005290000
0.0364350000 -0.0209650000 -0.0079670000
0.0236690000 -0.0159070000 0.0089390000
0.0085710000 0.0287160000 -0.0187720000
0.0172380000 0.0205760000 0.0086390000
0.0103530000 -0.0299380000 0.0086880000
-0.0142800000 0.0392470000 -0.0068050000
0.0172530000 0.0379150000 -0.0046260000
-0.0044100000 -0.0009510000 0.0083180000
0.0420520000 -0.0006030000 -0.0054280000
-0.0073830000 0.0352580000 -0.0204550000
0.0108190000 -0.0310680000 -0.0179740000
-0.0376910000 -0.0186620000 -0.0132000000
-0.0159120000 -0.0397530000 0.0116970000
0.0253010000 -0.0065250000 -0.0180290000
-0.0318790000 -0.0274210000 -0.0021230000
0.0267520000 0.0166530000 -0.0184950000
0.0021870000 0.0043020000 -0.0166720000
0.0274410000 -0.0319230000 -0.0025040000
-0.0298870000 0.0293140000 0.0121060000
-0.0275850000 -0.0169770000 0.0087530000
-0.0420410000 -0.0048960000 0.0120010000
0.0345390000 0.0013510000 0.0094350000
-0.0279940000 0.0079370000 0.0090120000
-0.0160800000 -0.0383580000 -0.0184590000
-0.0187080000 0.0198590000 -0.0181130000
0.0306790000 -0.0198570000 -0.0205050000
0.0324850000 0.0261760000 0.0120330000
0.0335410000 0.0042830000 -0.0178540000
0.0348490000 -0.0236780000 0.0052670000
-0.0012430000 -0.0421600000 -0.0065200000
-0.0352250000 0.0075360000 -0.0202430000
0.0005740000 -0.0184270000 -0.0173300000
