0.0366390000 0.0030460000 -0.0206620000
-0.0420920000 -0.0063200000 0.0120650000
-0.0012480000 0.0423790000 0.0120090000
0.0087430000 -0.0417620000 0.0118810000
-0.0303310000 0.0252430000 -0.0206070000
-0.0228770000 -0.0327700000 -0.0205790000
0.0000390000 -0.0001520000 0.0083540000
0.0340600000 0.0246400000 0.0119560000
0.0389500000 -0.0172620000 0.0123840000
0.0173740000 0.0358790000 -0.0206420000
0.0245800000 -0.0321240000 -0.0203670000
-0.0244890000 -0.0344400000 0.0123410000
-0.0332870000 0.0256440000 0.0121890000
-0.0402610000 -0.0055330000 -0.0202580000
-0.0030380000 0.0146280000 -0.0170960000
0.0005120000 -0.0151280000 -0.0169440000
-0.0087300000 0.0408100000 -0.0147620000
0.0008060000 -0.0422080000 -0.0134730000
0.0244300000 0.0022650000 0.0086910000
0.0101240000 0.0215420000 0.0086060000
0.0143980000 -0.0191080000 0.0086020000
-0.0199120000 -0.0118640000 0.0085640000
-0.0403060000 0.0116100000 -0.0046180000
-0.0355350000 -0.0225570000 -0.0045970000
0.0345060000 0.0235380000 -0.0111150000
-0.0181830000 -0.0021490000 -0.0171730000
-0.0121910000 0.0187570000 0.0085800000
0.0382930000 -0.0172120000 -0.0100490000
0.0149290000 0.0018670000 -0.0171330000
-0.0054270000 -0.0268760000 0.0086020000
-0.0190220000 0.0372720000 0.0026990000
0.0214480000 0.0359650000 -0.0005950000
0.0274280000 -0.0319540000 -0.0002540000
0.0416120000 0.0069520000 -0.0009560000
-0.0271200000 0.0062250000 0.0087240000
-0.0152900000 -0.0391630000 -0.0036830000
0.0225420000 -0.0143060000 -0.0181150000
0.0053170000 0.0414210000 -0.0043330000
0.0192700000 0.0187770000 -0.0181520000
-0.0271610000 -0.0163800000 -0.0183370000
-0.0309030000 0.0085310000 -0.0180920000
-0.0357740000 -0.0221290000 0.0119800000
-0.0312260000 0.0278900000 -0.0040800000
0.0087750000 -0.0291790000 -0.0188340000
0.0023510000 0.0298550000 -0.0189010000
-0.0416410000 -0.0045840000 -0.0042320000
-0.0141740000 0.0261190000 -0.0188430000
-0.0072720000 -0.0292090000 -0.0188080000
0.0135990000 -0.0398740000 -0.0032430000
-0.0101500000 -0.0416770000 0.0118550000
0.0423070000 -0.0019800000 0.0118540000
0.0139760000 0.0397160000 0.0124030000
-0.0407180000 0.0122680000 0.0115770000
-0.0028330000 -0.0004420000 -0.0165930000
-0.0006660000 -0.0422470000 0.0010860000
0.0219690000 -0.0361990000 0.0122510000
-0.0219170000 0.0356900000 -0.0114220000
-0.0172530000 0.0122420000 -0.0174430000
0.0010910000 -0.0143360000 0.0084220000
0.0264040000 -0.0117000000 0.0090140000
-0.0140330000 0.0010210000 0.0083960000
-0.0021530000 0.0286480000 0.0090180000
0.0231430000 0.0164260000 0.0089280000
0.0406100000 0.0121660000 0.0119200000
0.0116060000 0.0077040000 0.0084660000
-0.0134170000 -0.0157190000 -0.0171400000
0.0415170000 -0.0068570000 -0.0012200000
0.0124920000 -0.0057710000 0.0084570000
-0.0265440000 -0.0327760000 -0.0072590000
-0.0003410000 0.0131770000 0.0084470000
0.0354340000 -0.0101410000 -0.0206920000
-0.0073250000 0.0410820000 -0.0014670000
0.0320360000 -0.0282100000 0.0114860000
0.0374200000 0.0188700000 0.0008320000
0.0275810000 0.0281920000 -0.0207500000
0.0255000000 0.0340510000 0.0116320000
0.0333790000 -0.0229560000 -0.0202810000
0.0069910000 -0.0295080000 0.0090990000
0.0328150000 0.0150670000 -0.0203540000
-0.0177160000 -0.0242860000 0.0090870000
-0.0132560000 -0.0398870000 -0.0162630000
0.0357730000 -0.0221020000 0.0011510000
0.0155470000 -0.0391120000 -0.0154820000
0.0066590000 0.0412260000 -0.0165900000
-0.0212400000 0.0271830000 0.0093750000
-0.0302740000 -0.0055160000 0.0089300000
0.0262230000 -0.0026930000 -0.0180140000
0.0089300000 0.0124150000 -0.0172130000
-0.0389190000 -0.0158960000 -0.0143050000
-0.0324160000 -0.0268950000 -0.0160080000
