-0.0174700000 -0.0230470000 0.0089380000
0.0272230000 0.0309000000 -0.0191810000
-0.0232120000 0.0357140000 0.0116100000
0.0395440000 -0.0158070000 0.0122280000
-0.0404220000 0.0057590000 -0.0203420000
0.0151290000 -0.0371830000 -0.0206090000
0.0071340000 0.0090750000 0.0083880000
-0.0078280000 0.0387150000 -0.0207870000
0.0389930000 -0.0027140000 -0.0208250000
0.0103080000 -0.0412330000 0.0121010000
-0.0421220000 -0.0001990000 0.0122150000
0.0388430000 0.0175360000 0.0114920000
-0.0093960000 -0.0042510000 -0.0166720000
0.0091640000 0.0416130000 0.0115740000
-0.0172970000 -0.0363580000 -0.0204170000
-0.0369470000 -0.0201430000 -0.0103960000
0.0143820000 0.0075530000 -0.0174260000
-0.0187990000 0.0103520000 0.0085860000
0.0139380000 -0.0159260000 0.0085800000
-0.0305290000 0.0286650000 -0.0120620000
0.0339780000 -0.0248530000 -0.0105110000
0.0107700000 -0.0150200000 -0.0173830000
-0.0080880000 -0.0413640000 -0.0005720000
-0.0121820000 0.0174800000 -0.0176630000
0.0266360000 0.0323000000 0.0021430000
0.0390190000 0.0154530000 -0.0098590000
0.0107120000 0.0402990000 -0.0094450000
-0.0373980000 0.0202350000 0.0111320000
0.0269250000 0.0005240000 0.0087000000
-0.0048970000 0.0260930000 0.0086030000
-0.0377380000 -0.0201720000 0.0111700000
-0.0065300000 -0.0058950000 0.0083550000
0.0275850000 -0.0317790000 0.0076740000
0.0055410000 0.0243280000 -0.0181870000
0.0418700000 -0.0037310000 -0.0021250000
-0.0110480000 0.0402790000 -0.0021260000
-0.0252530000 -0.0337750000 -0.0039370000
-0.0254070000 -0.0066310000 0.0085640000
-0.0058570000 -0.0224190000 -0.0178760000
-0.0274230000 -0.0068220000 -0.0183550000
