0.0351510000 0.0019580000 0.0092660000
-0.0413000000 -0.0006420000 -0.0198130000
-0.0081080000 -0.0420260000 0.0120140000
-0.0110680000 0.0410130000 0.0121660000
0.0235520000 -0.0318560000 -0.0207080000
0.0205560000 0.0340410000 -0.0206750000
-0.0066580000 -0.0004070000 0.0083170000
-0.0231430000 -0.0328390000 -0.0205330000
-0.0377380000 -0.0201720000 0.0111700000
-0.0238120000 0.0313760000 -0.0206510000
-0.0385110000 0.0171650000 0.0118650000
0.0291460000 -0.0308970000 0.0122940000
0.0148120000 0.0007410000 -0.0170620000
0.0246440000 0.0340680000 0.0123290000
0.0408400000 -0.0099610000 -0.0156320000
-0.0144800000 -0.0067160000 -0.0172450000
0.0004260000 -0.0422330000 -0.0132270000
0.0385360000 0.0164030000 -0.0128320000
-0.0009180000 0.0207140000 -0.0173500000
0.0060810000 -0.0218330000 0.0085640000
0.0036820000 0.0218550000 0.0086050000
0.0025070000 0.0417770000 -0.0072380000
0.0043230000 -0.0198610000 -0.0173000000
-0.0159230000 -0.0216180000 0.0085630000
-0.0375180000 0.0185070000 -0.0097040000
-0.0174510000 0.0186380000 0.0086030000
-0.0371710000 -0.0197100000 -0.0111520000
-0.0280040000 -0.0011200000 0.0086940000
0.0144540000 -0.0024410000 0.0084940000
0.0129000000 -0.0401070000 0.0026420000
-0.0208390000 0.0119980000 -0.0179990000
0.0388220000 -0.0162370000 0.0030200000
-0.0245580000 0.0338760000 -0.0012770000
0.0216800000 0.0154290000 0.0086040000
-0.0204470000 -0.0367540000 -0.0019930000
0.0076200000 0.0418920000 0.0110860000
0.0290960000 0.0301210000 -0.0050400000
-0.0419260000 0.0027760000 -0.0020650000
0.0237100000 -0.0143800000 -0.0183470000
0.0218750000 0.0166850000 -0.0182890000
-0.0080470000 0.0388070000 -0.0207270000
0.0305270000 -0.0290090000 -0.0052010000
0.0382200000 0.0189720000 0.0115680000
-0.0015580000 0.0038690000 -0.0166500000
-0.0272210000 -0.0327430000 0.0123800000
0.0236690000 -0.0159070000 0.0089390000
0.0311290000 0.0027150000 -0.0185520000
0.0420360000 0.0025760000 -0.0057030000
-0.0113640000 -0.0224340000 -0.0179450000
0.0165150000 0.0382980000 -0.0014080000
-0.0422900000 -0.0055370000 0.0115640000
-0.0291410000 -0.0092270000 -0.0186850000
-0.0295570000 0.0296830000 0.0121310000
-0.0113230000 0.0401950000 -0.0025030000
0.0060430000 0.0350680000 -0.0201100000
0.0149800000 -0.0393460000 -0.0119370000
-0.0318250000 -0.0274840000 -0.0004570000
0.0347670000 -0.0231250000 -0.0172640000
0.0048480000 0.0078920000 0.0083630000
-0.0096490000 -0.0361320000 -0.0205900000
