0.0059900000 -0.0169770000 -0.0173390000
-0.0158420000 0.0394990000 0.0120750000
0.0376520000 0.0199390000 0.0118020000
-0.0413540000 -0.0102350000 0.0116640000
0.0136860000 0.0376310000 -0.0205590000
-0.0352330000 0.0183780000 -0.0205940000
-0.0123090000 -0.0408640000 0.0122260000
0.0357870000 -0.0225930000 0.0119580000
0.0408050000 -0.0009950000 -0.0202460000
-0.0300400000 -0.0281020000 -0.0195940000
0.0029870000 0.0086090000 0.0083750000
0.0145630000 0.0397230000 0.0104320000
-0.0377920000 0.0193870000 0.0110810000
0.0146820000 -0.0394580000 -0.0005110000
-0.0152290000 0.0388830000 -0.0168580000
-0.0096570000 0.0065110000 -0.0167200000
-0.0139680000 -0.0134120000 0.0085000000
0.0315240000 -0.0270640000 -0.0186500000
-0.0062490000 -0.0412220000 -0.0179960000
0.0168490000 0.0109310000 -0.0172940000
-0.0414670000 -0.0056670000 -0.0145780000
0.0114810000 -0.0155520000 0.0085530000
0.0420660000 -0.0015930000 0.0036090000
0.0314570000 0.0274980000 -0.0093080000
-0.0303450000 -0.0290380000 0.0039670000
-0.0190900000 0.0080550000 0.0086020000
-0.0148230000 -0.0137750000 -0.0171130000
-0.0291980000 0.0299560000 -0.0044890000
0.0233220000 0.0054050000 0.0086860000
0.0135210000 -0.0368940000 -0.0207290000
0.0002670000 0.0419300000 -0.0040090000
-0.0011970000 0.0245430000 -0.0179550000
-0.0009280000 0.0274750000 0.0086600000
0.0231180000 -0.0081560000 -0.0180280000
-0.0407480000 0.0099940000 -0.0045090000
0.0384980000 -0.0168860000 -0.0055310000
0.0164940000 0.0219760000 0.0087030000
0.0020940000 -0.0308610000 0.0089470000
-0.0177030000 -0.0381020000 -0.0046980000
0.0402750000 0.0122310000 -0.0074310000
-0.0267330000 0.0032970000 -0.0177470000
-0.0183030000 0.0213770000 -0.0184250000
0.0290740000 -0.0304890000 -0.0016850000
-0.0213260000 0.0243480000 0.0088760000
0.0051970000 -0.0005840000 -0.0166820000
-0.0012920000 -0.0422230000 -0.0025190000
-0.0384250000 -0.0171040000 -0.0035390000
0.0189970000 0.0370870000 -0.0048930000
0.0233770000 -0.0355080000 0.0122680000
0.0265450000 -0.0100940000 0.0089250000
-0.0347720000 0.0039490000 0.0092160000
0.0328580000 0.0166660000 -0.0206930000
0.0277990000 0.0319310000 0.0121790000
-0.0005320000 0.0424420000 0.0119750000
-0.0006650000 -0.0062550000 0.0083270000
-0.0059780000 -0.0261190000 -0.0180720000
-0.0008340000 0.0404440000 -0.0200640000
-0.0142620000 0.0392540000 -0.0023740000
-0.0298010000 -0.0136460000 -0.0179020000
-0.0282020000 -0.0155660000 0.0087490000
-0.0168580000 -0.0275630000 0.0087280000
0.0203760000 0.0248290000 -0.0181180000
0.0382920000 -0.0148150000 -0.0196380000
0.0179670000 -0.0239100000 -0.0188810000
