0.0162650000 -0.0372800000 -0.0120790000
0.0260280000 0.0679940000 0.0136100000
-0.0698710000 0.0174110000 0.0097190000
0.0576060000 0.0085790000 0.0145840000
-0.0103840000 0.0248830000 -0.0216080000
-0.0411140000 -0.0372410000 0.0107940000
0.0099050000 0.0016710000 0.0154880000
0.0368120000 0.0347790000 -0.0197470000
-0.0446590000 -0.0049560000 -0.0208780000
0.0501640000 -0.0130820000 -0.0212160000
-0.0206800000 -0.0551280000 -0.0212580000
-0.0327420000 0.0365970000 0.0117020000
-0.0281670000 -0.0014330000 0.0137730000
0.0387860000 -0.0239690000 0.0149910000
0.0040030000 0.0382730000 0.0148840000
0.0149700000 -0.0018250000 -0.0223860000
0.0075640000 0.0566650000 -0.0168980000
-0.0071380000 -0.0493810000 0.0126430000
-0.0449360000 0.0297910000 -0.0203810000
-0.0144540000 -0.0214440000 -0.0219420000
0.0380030000 0.0363910000 0.0154030000
-0.0563370000 -0.0094240000 0.0063880000
-0.0417970000 -0.0343680000 -0.0187590000
0.0554980000 0.0139390000 -0.0137490000
0.0102880000 -0.0269270000 0.0144120000
-0.0665020000 0.0122610000 -0.0175460000
-0.0140250000 0.0459670000 -0.0047140000
-0.0158130000 -0.0244970000 0.0140930000
0.0327030000 0.0583530000 -0.0096010000
-0.0298770000 -0.0603650000 0.0069690000
0.0674540000 -0.0070540000 -0.0032710000
-0.0107340000 0.0173870000 0.0145670000
0.0325780000 0.0119370000 0.0160170000
0.0141030000 0.0242270000 -0.0220200000
-0.0456040000 0.0155460000 0.0120380000
-0.0205320000 0.0029490000 -0.0213440000
0.0338170000 0.0118070000 -0.0217800000
0.0362240000 -0.0261370000 -0.0079830000
-0.0032710000 -0.0478020000 -0.0094750000
0.0581990000 -0.0134670000 0.0158240000
0.0080280000 0.0578450000 0.0051290000
0.0478400000 0.0302540000 -0.0024080000
-0.0259940000 0.0390100000 -0.0205080000
0.0062430000 -0.0210300000 -0.0221840000
-0.0564910000 0.0244810000 -0.0039210000
0.0147530000 0.0212850000 0.0156860000
-0.0085700000 -0.0057920000 0.0148270000
0.0276320000 -0.0075740000 0.0155510000
0.0220620000 0.0481880000 0.0153260000
-0.0360570000 -0.0504640000 -0.0089320000
-0.0396310000 -0.0176620000 0.0128140000
-0.0489370000 -0.0251480000 -0.0028520000
0.0304450000 -0.0137950000 -0.0219270000
-0.0020380000 0.0070600000 -0.0222170000
0.0517370000 -0.0176220000 -0.0015440000
0.0198130000 0.0425800000 -0.0212830000
-0.0375580000 0.0125960000 -0.0206000000
0.0013620000 0.0395920000 -0.0210560000
-0.0145670000 0.0409500000 0.0131970000
0.0080670000 -0.0418500000 0.0037740000
-0.0599090000 -0.0034770000 -0.0107700000
-0.0324170000 -0.0185600000 -0.0197700000
0.0251350000 -0.0326570000 0.0054080000
-0.0234640000 -0.0411950000 0.0132230000
