-0.0366840000 -0.0466120000 0.0092510000
0.0279220000 0.0670380000 -0.0168890000
0.0525000000 -0.0179090000 0.0142180000
-0.0452560000 0.0295560000 -0.0205520000
0.0025680000 -0.0096610000 -0.0223250000
-0.0020270000 0.0321070000 0.0147210000
0.0487670000 0.0206460000 -0.0188240000
-0.0579850000 -0.0039930000 0.0108160000
0.0102180000 -0.0396900000 0.0135750000
0.0384190000 0.0424790000 0.0151060000
-0.0165040000 -0.0071460000 0.0144760000
-0.0093890000 -0.0488410000 -0.0209730000
-0.0366370000 -0.0187900000 -0.0198710000
0.0107800000 0.0291420000 -0.0218330000
0.0396970000 -0.0169550000 -0.0213570000
0.0200830000 0.0015930000 0.0157020000
-0.0355990000 0.0229760000 0.0122510000
-0.0159960000 0.0448640000 -0.0120390000
0.0547930000 0.0144730000 0.0137180000
0.0122750000 0.0606550000 0.0109070000
-0.0604850000 0.0018870000 -0.0201530000
0.0671000000 -0.0066060000 -0.0109000000
-0.0189230000 0.0124930000 -0.0215920000
0.0175590000 -0.0365740000 -0.0153520000
-0.0619090000 0.0218250000 0.0006220000
0.0254630000 0.0062350000 -0.0222450000
-0.0361400000 -0.0457730000 -0.0177010000
0.0398460000 0.0442280000 -0.0110950000
-0.0112330000 -0.0520240000 0.0050000000
-0.0383900000 -0.0209360000 0.0128500000
0.0062670000 0.0541720000 -0.0198890000
0.0317490000 -0.0289520000 0.0046900000
0.0212000000 0.0258330000 0.0158050000
-0.0113720000 -0.0301840000 0.0139990000
-0.0227190000 0.0426470000 0.0108370000
-0.0143430000 -0.0257240000 -0.0219260000
0.0074310000 -0.0172160000 0.0148920000
-0.0012140000 0.0093850000 0.0151300000
-0.0520140000 -0.0190130000 -0.0043200000
-0.0366760000 0.0010920000 0.0131540000
0.0322310000 0.0591110000 0.0028160000
-0.0390260000 0.0037130000 -0.0205420000
0.0408630000 -0.0007090000 0.0159200000
0.0481630000 0.0295100000 0.0010960000
-0.0046170000 0.0514040000 0.0041200000
-0.0334770000 0.0362980000 -0.0052570000
0.0506350000 0.0004670000 -0.0207460000
0.0015010000 0.0106410000 -0.0221860000
-0.0278540000 -0.0587670000 -0.0044680000
0.0646900000 -0.0028370000 0.0087660000
0.0306260000 0.0292770000 -0.0211020000
0.0585780000 0.0102290000 -0.0052290000
0.0516030000 -0.0174820000 -0.0055800000
0.0202150000 -0.0182900000 -0.0221000000
-0.0086640000 0.0289670000 -0.0214390000
-0.0188790000 -0.0069380000 -0.0215100000
0.0026120000 -0.0447870000 -0.0064150000
-0.0621810000 0.0208600000 -0.0193060000
-0.0200360000 0.0118240000 0.0140630000
0.0233050000 0.0464780000 -0.0208610000
-0.0436210000 -0.0354830000 -0.0038250000
0.0133070000 0.0424380000 0.0152200000
-0.0506950000 0.0127910000 0.0119010000
0.0392340000 0.0236110000 0.0158330000
-0.0270580000 0.0299180000 -0.0210070000
0.0287650000 -0.0146050000 0.0152800000
-0.0643350000 0.0048110000 -0.0029300000
0.0012910000 -0.0333620000 -0.0215010000
0.0156970000 0.0605200000 -0.0061510000
-0.0241900000 -0.0572860000 -0.0209970000
-0.0524500000 -0.0130060000 -0.0204910000
-0.0251450000 -0.0585570000 0.0121420000
0.0317140000 -0.0286540000 -0.0121260000
-0.0469040000 0.0297970000 0.0023130000
-0.0275510000 -0.0333820000 0.0133060000
-0.0176430000 0.0275860000 0.0137190000
0.0183230000 -0.0362920000 0.0003700000
0.0257890000 0.0519500000 0.0151520000
-0.0225040000 -0.0390430000 -0.0213450000
0.0258280000 0.0674540000 0.0143330000
0.0198820000 -0.0276350000 0.0144840000
-0.0656900000 0.0112570000 0.0107280000
0.0563970000 -0.0132510000 -0.0190590000
-0.0428860000 -0.0324430000 -0.0183620000
0.0314820000 0.0110530000 0.0160000000
-0.0482370000 0.0151380000 -0.0213330000
-0.0030700000 0.0424110000 -0.0206830000
-0.0019870000 -0.0059320000 0.0150450000
-0.0039140000 -0.0426780000 0.0134120000
0.0122440000 0.0145220000 0.0156450000
-0.0520090000 -0.0170430000 0.0099890000
0.0159420000 -0.0045240000 -0.0224130000
-0.0241480000 -0.0195020000 0.0139190000
-0.0148670000 -0.0538200000 -0.0087810000
-0.0582480000 -0.0069020000 -0.0082840000
-0.0330680000 0.0165090000 -0.0207470000
0.0395310000 0.0102870000 -0.0213630000
-0.0431150000 -0.0339970000 0.0101820000
0.0397070000 -0.0235480000 0.0149860000
0.0361560000 -0.0034810000 -0.0220320000
-0.0351110000 0.0364040000 0.0085910000
-0.0205370000 -0.0454870000 0.0131100000
-0.0528290000 0.0261840000 -0.0095100000
-0.0368800000 -0.0484310000 -0.0043010000
0.0337320000 0.0546490000 -0.0174240000
0.0434640000 0.0332040000 -0.0184820000
0.0388780000 0.0469460000 0.0022350000
0.0163140000 0.0167030000 -0.0221680000
-0.0034120000 0.0512520000 -0.0094240000
-0.0096210000 0.0027340000 -0.0221180000
0.0542040000 0.0012820000 0.0159600000
-0.0097270000 0.0430340000 0.0135040000
0.0018080000 -0.0291280000 0.0142290000
-0.0686130000 0.0155510000 -0.0091830000
-0.0082790000 -0.0173470000 0.0145920000
0.0038020000 0.0513270000 0.0141160000
0.0404360000 -0.0239650000 -0.0035610000
0.0262500000 0.0381490000 0.0156740000
0.0183180000 0.0590470000 -0.0202120000
0.0620430000 -0.0118110000 -0.0001340000
-0.0550330000 0.0248320000 0.0109910000
0.0072970000 -0.0221400000 -0.0221110000
-0.0319290000 -0.0067940000 -0.0201020000
-0.0274550000 -0.0274040000 -0.0204370000
-0.0071110000 0.0205810000 0.0147170000
-0.0162480000 0.0451860000 0.0003830000
0.0527660000 0.0210570000 -0.0070450000
-0.0090120000 -0.0145830000 -0.0222330000
