0.0413290000 -0.0238060000 0.0081940000
-0.0681920000 0.0171750000 -0.0209040000
0.0274570000 0.0668750000 -0.0178910000
-0.0322670000 -0.0583210000 -0.0112580000
-0.0101130000 0.0202050000 0.0145600000
0.0454270000 0.0290270000 0.0152910000
-0.0006490000 -0.0165110000 -0.0223430000
-0.0476070000 -0.0158370000 0.0119590000
0.0222260000 0.0218030000 -0.0220050000
0.0018060000 -0.0436940000 0.0133560000
-0.0295570000 0.0373990000 -0.0204560000
0.0597850000 0.0038870000 -0.0172450000
0.0059940000 0.0563980000 0.0137550000
-0.0485230000 0.0260700000 0.0113280000
-0.0352840000 -0.0008910000 -0.0202550000
0.0098980000 -0.0090930000 0.0152130000
0.0324210000 -0.0137350000 -0.0218400000
0.0015930000 0.0472100000 -0.0203960000
0.0616450000 0.0005140000 0.0149440000
-0.0033850000 -0.0475600000 -0.0175880000
