0.0397480000 -0.0242700000 -0.0057230000
-0.0698710000 0.0174110000 0.0097190000
0.0256760000 0.0680090000 0.0135270000
-0.0353580000 -0.0519590000 -0.0112450000
-0.0092440000 0.0201320000 -0.0218010000
0.0461050000 0.0285920000 -0.0183390000
-0.0072400000 -0.0166930000 0.0146550000
-0.0464710000 -0.0077280000 -0.0209820000
0.0164420000 0.0226970000 0.0157160000
-0.0311690000 0.0375750000 0.0116660000
0.0043210000 -0.0415510000 -0.0204310000
0.0578910000 0.0068850000 0.0152480000
0.0083560000 0.0555540000 -0.0198380000
-0.0435510000 -0.0243030000 0.0121100000
-0.0457800000 0.0289650000 -0.0209460000
0.0215830000 0.0017690000 -0.0224020000
