-0.0674920000 0.0187810000 0.0033320000
0.0671720000 -0.0092410000 0.0146090000
0.0136430000 0.0595500000 -0.0187200000
-0.0091760000 -0.0500310000 -0.0199550000
-0.0034020000 0.0055170000 0.0150780000
0.0342740000 0.0108840000 -0.0217900000
-0.0453670000 -0.0281390000 0.0111220000
-0.0258730000 0.0305110000 -0.0210080000
0.0253790000 -0.0325890000 0.0088270000
0.0401510000 0.0397570000 0.0149790000
-0.0241720000 -0.0111350000 -0.0208930000
-0.0096320000 0.0472190000 0.0131640000
-0.0260860000 -0.0595150000 0.0114780000
0.0121130000 -0.0182040000 -0.0221980000
0.0330180000 0.0038950000 0.0159430000
-0.0091780000 -0.0290350000 0.0140680000
-0.0340830000 0.0224380000 0.0124480000
0.0631050000 -0.0075980000 -0.0194130000
-0.0574900000 -0.0033130000 -0.0208120000
0.0015760000 0.0128800000 -0.0221470000
0.0183830000 0.0638370000 0.0132860000
0.0404630000 0.0420500000 -0.0172520000
-0.0393580000 -0.0392590000 -0.0184310000
0.0556450000 0.0156050000 -0.0007720000
0.0131870000 0.0292600000 0.0155470000
0.0396700000 -0.0240100000 -0.0152280000
-0.0538510000 0.0249940000 -0.0208820000
-0.0291030000 -0.0053810000 0.0137130000
-0.0560020000 -0.0038080000 0.0115090000
-0.0087920000 0.0484980000 -0.0126480000
0.0161910000 0.0336930000 -0.0217140000
0.0048560000 -0.0436380000 -0.0004010000
0.0443630000 -0.0182990000 0.0153540000
0.0136010000 -0.0121770000 0.0151900000
-0.0368900000 0.0086260000 -0.0204940000
0.0322990000 0.0596010000 -0.0046510000
-0.0289740000 -0.0588770000 -0.0120400000
-0.0264950000 0.0400680000 -0.0002960000
-0.0506130000 -0.0217740000 -0.0097680000
-0.0080370000 -0.0278060000 -0.0221220000
-0.0125090000 0.0255640000 0.0142500000
0.0207510000 -0.0348200000 -0.0118730000
-0.0380660000 -0.0454900000 0.0015980000
-0.0494700000 0.0282470000 -0.0007790000
0.0553030000 -0.0155190000 -0.0019540000
0.0049590000 0.0558260000 0.0003280000
-0.0046000000 -0.0064690000 -0.0223630000
0.0491070000 0.0237890000 -0.0178670000
-0.0089290000 -0.0492820000 0.0130480000
0.0450420000 0.0198830000 0.0157520000
