0.0002340000 -0.0434900000 -0.0206180000
0.0260280000 0.0679940000 0.0136100000
-0.0696960000 0.0175860000 0.0098960000
0.0670210000 -0.0088530000 0.0151980000
-0.0097220000 0.0226290000 -0.0217110000
-0.0438060000 -0.0315730000 0.0110240000
0.0447260000 0.0279370000 -0.0188570000
0.0140570000 -0.0071080000 0.0153880000
0.0401110000 -0.0184320000 -0.0211260000
-0.0459010000 -0.0014370000 -0.0210480000
-0.0115700000 0.0477050000 0.0127860000
-0.0249680000 0.0071260000 0.0138110000
0.0097660000 0.0563420000 -0.0198460000
0.0272650000 0.0292700000 0.0158510000
-0.0134120000 -0.0526100000 0.0124980000
-0.0409660000 0.0325000000 -0.0062490000
-0.0351040000 -0.0458690000 -0.0202100000
0.0043460000 -0.0089170000 -0.0223340000
0.0147980000 -0.0382150000 0.0078770000
-0.0133720000 -0.0215950000 0.0142480000
0.0616100000 0.0023940000 -0.0131720000
0.0401500000 -0.0230870000 0.0150440000
0.0539060000 0.0169980000 0.0110850000
-0.0683300000 0.0172200000 -0.0194270000
-0.0223090000 -0.0194280000 -0.0211380000
-0.0001980000 0.0214340000 0.0150630000
0.0358360000 0.0531140000 -0.0087590000
-0.0510860000 -0.0039900000 0.0120710000
0.0180280000 0.0165080000 -0.0221700000
-0.0141250000 0.0457980000 -0.0125950000
-0.0479140000 -0.0253260000 -0.0131160000
0.0221340000 -0.0340230000 -0.0154670000
0.0123810000 0.0482210000 0.0148760000
0.0367540000 0.0006470000 0.0159110000
-0.0347000000 -0.0515710000 0.0026680000
-0.0273220000 0.0305400000 0.0126160000
0.0382630000 0.0047800000 -0.0217870000
0.0539620000 -0.0162780000 -0.0022320000
-0.0323070000 0.0170070000 -0.0208000000
-0.0468120000 0.0185800000 0.0118520000
-0.0165990000 -0.0546420000 -0.0104960000
0.0446850000 0.0358120000 0.0030630000
0.0242850000 0.0380290000 -0.0212800000
-0.0619950000 0.0003330000 -0.0063780000
-0.0149660000 0.0016050000 -0.0218160000
-0.0326390000 -0.0135670000 0.0134760000
-0.0054410000 0.0000520000 0.0149940000
0.0339260000 0.0489100000 0.0151070000
0.0016260000 0.0540660000 -0.0013180000
0.0172360000 0.0123820000 0.0157730000
0.0021610000 0.0382360000 -0.0211720000
-0.0006640000 -0.0465790000 -0.0010950000
-0.0503660000 0.0246280000 -0.0214370000
0.0191950000 0.0622000000 -0.0037260000
0.0357210000 -0.0265810000 -0.0036110000
-0.0251330000 -0.0370650000 0.0133050000
0.0237110000 -0.0080350000 -0.0222920000
-0.0287410000 0.0360320000 -0.0208070000
-0.0582300000 0.0235920000 -0.0038840000
-0.0175870000 -0.0375610000 -0.0216510000
0.0051540000 -0.0238610000 0.0145350000
-0.0045520000 -0.0248330000 -0.0222070000
0.0543290000 0.0181420000 -0.0069490000
0.0272170000 0.0658440000 -0.0190520000
0.0226060000 -0.0226080000 0.0148260000
-0.0520680000 -0.0185870000 0.0024380000
0.0023630000 0.0083810000 -0.0222350000
0.0566010000 -0.0131210000 -0.0190530000
-0.0044860000 -0.0379990000 0.0136830000
-0.0260350000 0.0401970000 -0.0012910000
0.0620530000 0.0031710000 0.0037490000
0.0503030000 -0.0098390000 0.0157610000
-0.0421270000 -0.0384200000 -0.0043460000
0.0384290000 0.0172670000 0.0159710000
0.0119910000 -0.0231920000 -0.0218920000
-0.0298640000 -0.0044570000 -0.0203090000
0.0005770000 0.0374810000 0.0146900000
-0.0318980000 -0.0586620000 -0.0113320000
-0.0336800000 -0.0300380000 -0.0196090000
-0.0158040000 0.0197240000 0.0141190000
-0.0604400000 0.0039850000 -0.0216380000
-0.0549650000 -0.0114270000 -0.0133880000
-0.0189950000 -0.0068230000 0.0143640000
-0.0419360000 0.0326760000 0.0093300000
0.0388620000 0.0418720000 -0.0186120000
0.0112210000 -0.0400260000 -0.0072740000
0.0326240000 0.0194280000 -0.0214700000
-0.0630410000 0.0040300000 0.0082830000
-0.0396310000 0.0056590000 0.0128250000
-0.0266260000 -0.0591690000 0.0124010000
