-0.0078420000 0.0165490000 0.0147640000
-0.0279390000 -0.0592080000 -0.0198830000
0.0662950000 -0.0071330000 -0.0167400000
-0.0680050000 0.0171670000 -0.0214270000
0.0277720000 0.0665930000 -0.0183590000
0.0197720000 -0.0355880000 0.0069170000
-0.0472850000 -0.0200600000 0.0117770000
0.0442150000 0.0290830000 0.0154050000
0.0193710000 0.0025590000 -0.0223840000
-0.0272800000 0.0384870000 -0.0204280000
-0.0197030000 -0.0166700000 -0.0214340000
0.0040970000 0.0558520000 0.0134880000
-0.0468440000 0.0247900000 0.0114620000
0.0463610000 -0.0095140000 0.0157210000
-0.0172490000 -0.0436210000 0.0132740000
0.0386610000 0.0327120000 -0.0195910000
0.0016890000 -0.0430380000 -0.0205220000
-0.0527850000 -0.0125270000 -0.0202550000
0.0058170000 0.0400300000 -0.0211710000
0.0379730000 -0.0244270000 -0.0183860000
0.0149150000 -0.0054950000 0.0154290000
-0.0099660000 0.0126560000 -0.0219920000
-0.0175950000 -0.0127170000 0.0143380000
-0.0227030000 0.0426830000 0.0091280000
0.0333470000 0.0558340000 0.0088250000
-0.0629000000 0.0024080000 0.0030170000
-0.0394180000 0.0127850000 -0.0206930000
-0.0428280000 -0.0371530000 -0.0102040000
0.0164110000 0.0305970000 0.0156160000
0.0555810000 0.0156810000 -0.0058820000
0.0062240000 -0.0187800000 -0.0222660000
-0.0370830000 0.0023530000 0.0130910000
0.0433790000 -0.0003110000 -0.0216350000
0.0672830000 -0.0071950000 0.0063600000
0.0328500000 0.0089930000 0.0160000000
-0.0310450000 -0.0586060000 0.0028130000
-0.0004390000 -0.0279250000 0.0142840000
0.0100720000 0.0578870000 -0.0080910000
0.0558750000 0.0103350000 0.0153690000
0.0009180000 -0.0457380000 0.0012190000
