0.0164180000 0.0156630000 0.0157660000
-0.0284000000 -0.0591330000 -0.0196470000
-0.0693470000 0.0156930000 -0.0006930000
0.0657470000 -0.0075150000 -0.0174850000
0.0275820000 0.0666820000 -0.0183850000
-0.0211240000 0.0377350000 -0.0206860000
0.0121000000 -0.0396690000 0.0130800000
-0.0354920000 -0.0203350000 0.0131760000
-0.0031280000 -0.0084670000 -0.0223190000
0.0380700000 0.0251920000 -0.0203690000
0.0004800000 0.0546830000 0.0118520000
0.0435150000 -0.0144160000 0.0154570000
-0.0237080000 0.0177500000 0.0136410000
0.0310040000 -0.0278250000 -0.0193980000
-0.0520020000 -0.0124710000 -0.0211590000
0.0377000000 0.0468490000 0.0124140000
-0.0203760000 -0.0515010000 0.0129110000
0.0540610000 0.0173830000 0.0085400000
0.0017690000 -0.0443630000 -0.0190830000
-0.0036010000 -0.0106180000 0.0148950000
0.0066750000 0.0226680000 -0.0219740000
-0.0456900000 0.0186050000 -0.0211570000
-0.0254490000 -0.0286440000 -0.0207690000
0.0244770000 0.0000100000 -0.0224080000
0.0020690000 0.0539390000 -0.0173070000
-0.0463480000 0.0302100000 0.0038990000
-0.0482650000 0.0038950000 0.0123070000
-0.0402760000 -0.0418960000 -0.0024870000
-0.0282350000 -0.0010940000 -0.0205260000
-0.0225850000 0.0424550000 0.0050320000
0.0672440000 -0.0074540000 0.0082780000
0.0223430000 0.0658970000 0.0138250000
-0.0032060000 0.0307850000 0.0146990000
0.0204060000 -0.0080760000 0.0154580000
0.0231090000 0.0435920000 -0.0210550000
0.0485140000 -0.0191730000 -0.0067890000
0.0306480000 -0.0295360000 0.0039380000
0.0560150000 0.0128970000 -0.0138710000
-0.0539830000 -0.0150340000 0.0013620000
-0.0092020000 -0.0322440000 0.0139310000
0.0176600000 0.0383130000 0.0155310000
-0.0140470000 0.0158840000 -0.0217850000
0.0365110000 0.0068350000 0.0160180000
-0.0672360000 0.0173150000 -0.0220450000
0.0407910000 0.0433190000 -0.0088050000
0.0452250000 -0.0042880000 -0.0216340000
0.0102210000 -0.0248700000 -0.0218060000
-0.0127860000 -0.0528210000 -0.0066050000
-0.0230270000 -0.0031300000 0.0141120000
-0.0043690000 0.0101090000 0.0150140000
0.0343880000 0.0269270000 0.0158380000
0.0158790000 -0.0375410000 -0.0067420000
-0.0615420000 -0.0003500000 -0.0091430000
0.0153680000 0.0604180000 -0.0046070000
-0.0445360000 -0.0302100000 -0.0173510000
-0.0313990000 -0.0589060000 -0.0008040000
-0.0382730000 0.0338400000 -0.0127700000
0.0330020000 0.0579550000 -0.0011810000
0.0493090000 0.0274680000 -0.0058580000
-0.0077470000 -0.0265170000 -0.0221600000
0.0535970000 0.0011430000 0.0159350000
-0.0032260000 -0.0477870000 0.0075830000
-0.0318220000 -0.0378550000 0.0128270000
-0.0114440000 0.0472010000 -0.0078150000
-0.0157050000 -0.0435920000 -0.0214820000
0.0097320000 -0.0221790000 0.0146740000
-0.0033560000 0.0376700000 -0.0210320000
0.0080420000 0.0053830000 -0.0222910000
-0.0572270000 0.0187920000 0.0112350000
-0.0568960000 0.0241020000 -0.0092890000
0.0229230000 0.0175420000 -0.0221030000
-0.0340430000 -0.0431460000 -0.0201170000
-0.0357910000 -0.0157410000 -0.0199130000
-0.0190510000 -0.0190700000 0.0141170000
-0.0450050000 0.0023060000 -0.0209680000
0.0613440000 0.0049340000 -0.0006680000
-0.0296920000 0.0212990000 -0.0209990000
-0.0400610000 0.0179050000 0.0122750000
-0.0184210000 -0.0138670000 -0.0216050000
-0.0464350000 -0.0288400000 0.0050420000
-0.0325020000 0.0319900000 0.0119830000
0.0372150000 0.0092660000 -0.0216520000
-0.0628400000 0.0032040000 0.0062600000
0.0224970000 -0.0152820000 -0.0220530000
0.0451860000 0.0342300000 0.0076680000
0.0078840000 0.0008370000 0.0154170000
-0.0102220000 0.0440640000 0.0133780000
0.0342240000 0.0531830000 -0.0179330000
0.0550780000 -0.0161760000 0.0062580000
0.0149230000 0.0529840000 0.0147200000
0.0165840000 0.0568710000 -0.0202710000
0.0296200000 -0.0195600000 0.0150680000
0.0430800000 -0.0188000000 -0.0204340000
-0.0180530000 0.0313390000 0.0135080000
0.0009070000 0.0536040000 -0.0028250000
-0.0374120000 -0.0056850000 0.0131210000
-0.0141750000 0.0008330000 -0.0218760000
0.0035120000 -0.0443220000 -0.0048610000
-0.0588580000 0.0052580000 -0.0219130000
0.0106130000 0.0368030000 -0.0215020000
