0.0226840000 -0.0025830000 0.0156640000
-0.0680680000 0.0172280000 -0.0212730000
-0.0284510000 -0.0589730000 -0.0198990000
0.0275820000 0.0666820000 -0.0183850000
-0.0212750000 0.0421910000 0.0125280000
-0.0345750000 -0.0131650000 0.0133190000
0.0659220000 -0.0072620000 -0.0173540000
-0.0073610000 0.0092920000 -0.0221050000
0.0155830000 -0.0363680000 -0.0198340000
0.0408360000 0.0388900000 0.0148440000
0.0334530000 0.0190940000 -0.0214070000
-0.0076810000 -0.0453400000 0.0132410000
-0.0502260000 -0.0161750000 -0.0209190000
-0.0039530000 0.0463730000 -0.0202810000
-0.0511470000 0.0204400000 0.0115110000
0.0107910000 0.0598040000 0.0134860000
0.0579210000 0.0067440000 0.0153000000
-0.0370890000 0.0340810000 -0.0192990000
-0.0092850000 0.0101670000 0.0147470000
-0.0176020000 -0.0263790000 -0.0217040000
0.0409280000 -0.0236420000 -0.0025750000
-0.0386360000 -0.0436940000 0.0060140000
0.0180670000 -0.0065770000 -0.0223730000
0.0122470000 0.0304190000 0.0154830000
0.0183350000 -0.0318500000 0.0142150000
-0.0591150000 -0.0048190000 0.0029140000
-0.0069830000 -0.0174420000 0.0146380000
-0.0344530000 0.0068150000 -0.0204100000
0.0401260000 0.0435630000 -0.0118240000
-0.0057950000 -0.0490400000 -0.0122350000
0.0554450000 0.0146950000 -0.0089100000
0.0422070000 -0.0036040000 -0.0217940000
0.0102740000 0.0268580000 -0.0219020000
-0.0404800000 -0.0378640000 -0.0173060000
0.0322050000 0.0589670000 0.0040100000
0.0544230000 -0.0164230000 0.0151540000
0.0365750000 0.0160080000 0.0159970000
-0.0316980000 0.0093760000 0.0132340000
-0.0489580000 -0.0248480000 -0.0003330000
-0.0217940000 -0.0575440000 0.0012940000
-0.0694940000 0.0151200000 0.0006240000
-0.0050040000 0.0509380000 0.0011310000
0.0192270000 0.0469540000 -0.0210360000
-0.0233030000 -0.0310350000 0.0136120000
-0.0383210000 0.0343100000 0.0021150000
-0.0161210000 0.0292250000 -0.0212930000
0.0312150000 -0.0226750000 -0.0209770000
-0.0019550000 -0.0128180000 -0.0223300000
-0.0538020000 0.0256810000 -0.0089870000
0.0671980000 -0.0064590000 0.0029770000
0.0088540000 -0.0414470000 -0.0007140000
0.0123740000 0.0589680000 -0.0064170000
0.0335030000 -0.0190470000 0.0151430000
-0.0542070000 0.0033060000 -0.0217060000
-0.0228480000 0.0414920000 -0.0074960000
-0.0204800000 -0.0067390000 -0.0213420000
-0.0070680000 0.0293980000 0.0145080000
0.0096970000 0.0112640000 0.0155620000
0.0479460000 0.0299930000 -0.0002060000
0.0231980000 0.0456310000 0.0154800000
