0.0162120000 -0.0020940000 -0.0223780000
-0.0697950000 0.0174360000 0.0099220000
-0.0289710000 -0.0597920000 0.0112130000
0.0259380000 0.0679270000 0.0138140000
0.0668400000 -0.0094110000 0.0157290000
-0.0243760000 0.0404600000 -0.0196080000
-0.0371000000 -0.0151360000 -0.0200190000
0.0162210000 -0.0374610000 0.0133890000
-0.0129990000 0.0081320000 0.0145860000
0.0481030000 0.0297810000 -0.0057180000
-0.0068720000 -0.0444720000 -0.0210300000
0.0153790000 0.0481730000 -0.0209550000
0.0278580000 0.0024450000 0.0158530000
0.0542290000 -0.0106580000 -0.0211670000
-0.0056150000 0.0459920000 0.0135980000
-0.0521690000 0.0174920000 -0.0216070000
-0.0283730000 -0.0241180000 0.0135990000
-0.0383050000 0.0327050000 0.0115260000
-0.0142300000 0.0087620000 -0.0218550000
0.0246850000 0.0346410000 0.0157480000
0.0229060000 -0.0330130000 -0.0175890000
-0.0558940000 -0.0106070000 0.0052400000
-0.0371980000 -0.0456140000 -0.0149600000
0.0419760000 -0.0233520000 0.0046150000
0.0048130000 -0.0125950000 0.0150260000
0.0270590000 0.0230170000 -0.0217410000
0.0526120000 0.0136330000 0.0156520000
-0.0085910000 -0.0178730000 -0.0222460000
-0.0095190000 -0.0423630000 0.0133960000
0.0358640000 0.0527750000 -0.0055180000
-0.0387960000 0.0070880000 0.0128450000
-0.0016840000 0.0301380000 -0.0215400000
0.0595740000 0.0084150000 -0.0072020000
0.0088410000 0.0171760000 0.0155090000
-0.0054350000 0.0502210000 -0.0097690000
-0.0576870000 -0.0046500000 -0.0171270000
-0.0458840000 -0.0308290000 0.0001880000
0.0135000000 0.0597060000 -0.0020590000
0.0374050000 0.0038660000 -0.0218810000
-0.0196240000 -0.0563060000 -0.0080580000
0.0077280000 -0.0420420000 -0.0056250000
-0.0539610000 0.0259180000 -0.0013790000
-0.0177020000 0.0287150000 0.0136690000
0.0263600000 0.0659180000 -0.0188140000
0.0249040000 -0.0181470000 0.0150760000
0.0464370000 -0.0065430000 0.0158100000
-0.0690690000 0.0142750000 -0.0103740000
-0.0318750000 0.0204980000 -0.0208930000
0.0343130000 -0.0163620000 -0.0216480000
0.0447920000 0.0324120000 0.0141410000
-0.0242240000 -0.0312430000 -0.0209910000
0.0583470000 -0.0138330000 -0.0018590000
-0.0207650000 0.0429010000 0.0002070000
0.0377970000 0.0390400000 -0.0191710000
0.0131950000 0.0501690000 0.0148180000
0.0350590000 0.0507350000 0.0136850000
-0.0358620000 -0.0419820000 0.0121560000
-0.0378240000 0.0340950000 -0.0075330000
-0.0143500000 -0.0112050000 0.0145140000
0.0043510000 0.0123810000 -0.0221840000
0.0099080000 -0.0196310000 -0.0221810000
-0.0409210000 0.0030580000 -0.0206700000
0.0489650000 0.0174860000 -0.0190030000
0.0266060000 -0.0317120000 -0.0000150000
-0.0399780000 -0.0106540000 0.0129500000
-0.0564720000 0.0060040000 0.0116370000
0.0333700000 0.0192090000 0.0159880000
-0.0514830000 -0.0199200000 -0.0118090000
0.0067550000 0.0341750000 0.0151450000
-0.0222160000 -0.0067600000 -0.0211480000
0.0011390000 -0.0292470000 0.0142160000
-0.0426090000 -0.0309250000 -0.0205140000
-0.0007990000 -0.0032410000 -0.0223130000
-0.0063850000 -0.0496120000 -0.0010330000
0.0459190000 -0.0205120000 -0.0109640000
0.0068100000 -0.0355640000 -0.0208310000
-0.0627510000 0.0017270000 -0.0026240000
0.0286610000 0.0664510000 -0.0017870000
-0.0224920000 -0.0472280000 -0.0213850000
0.0116740000 0.0016150000 0.0155160000
