0.0520840000 0.0144380000 -0.0186220000
-0.0698850000 0.0172400000 0.0097390000
-0.0142140000 -0.0526360000 -0.0201320000
-0.0041230000 0.0519720000 0.0126530000
0.0067450000 -0.0077430000 0.0152000000
-0.0258680000 0.0150190000 -0.0211420000
-0.0451230000 -0.0272350000 0.0114550000
0.0315380000 0.0574760000 -0.0184280000
0.0314420000 -0.0276570000 -0.0193200000
0.0570150000 -0.0146610000 0.0156560000
0.0335230000 0.0319440000 0.0157490000
0.0136680000 0.0073140000 -0.0223040000
-0.0570450000 -0.0059350000 -0.0174160000
-0.0346900000 0.0303700000 0.0118820000
0.0012750000 -0.0447450000 0.0130100000
0.0003130000 0.0402010000 -0.0209670000
-0.0122620000 -0.0177750000 -0.0220940000
-0.0301070000 -0.0583440000 0.0100260000
0.0263580000 0.0675890000 0.0140500000
-0.0253650000 -0.0011680000 0.0139900000
-0.0409940000 -0.0341230000 -0.0203790000
0.0295340000 -0.0302770000 0.0126700000
-0.0547750000 0.0249480000 -0.0163440000
-0.0041230000 0.0211720000 0.0148740000
0.0566850000 -0.0140020000 -0.0135070000
0.0336840000 0.0029400000 0.0159360000
0.0296260000 0.0300900000 -0.0211670000
-0.0251770000 0.0402850000 -0.0117510000
0.0089970000 -0.0412160000 -0.0128410000
0.0578670000 0.0106590000 0.0071250000
