-0.0329050000 -0.0568000000 -0.0114720000
0.0264630000 0.0679040000 0.0133830000
0.0514160000 -0.0166360000 -0.0182310000
-0.0523630000 0.0271220000 0.0101690000
0.0015740000 0.0216990000 -0.0219230000
0.0048190000 -0.0224890000 0.0146120000
0.0493930000 0.0220960000 0.0152210000
-0.0519190000 -0.0116700000 -0.0212930000
-0.0125050000 0.0465480000 0.0129750000
0.0372640000 0.0435090000 -0.0188530000
-0.0125760000 -0.0222010000 -0.0220630000
-0.0354550000 -0.0247090000 0.0130330000
0.0108610000 0.0157920000 0.0155520000
-0.0327630000 0.0360240000 -0.0202300000
0.0658250000 -0.0106260000 0.0149300000
0.0204910000 -0.0349530000 -0.0159470000
-0.0232770000 0.0081020000 0.0138990000
0.0052430000 0.0555610000 -0.0157390000
-0.0628640000 0.0202550000 -0.0211480000
0.0328630000 0.0104500000 -0.0218910000
-0.0109500000 -0.0513500000 0.0125610000
0.0371490000 -0.0261220000 0.0108940000
-0.0589390000 -0.0038500000 0.0088560000
-0.0260050000 0.0052530000 -0.0208820000
0.0591820000 0.0088240000 -0.0080190000
0.0267110000 0.0393740000 0.0156510000
-0.0054730000 -0.0488120000 -0.0151930000
0.0117940000 -0.0080400000 -0.0223390000
0.0327910000 -0.0001400000 0.0158420000
-0.0445700000 -0.0336370000 -0.0096790000
0.0281410000 0.0672000000 -0.0134480000
-0.0348550000 -0.0487530000 0.0112250000
