-0.0696990000 0.0159290000 0.0064560000
0.0665360000 -0.0070890000 -0.0157100000
-0.0137780000 -0.0523340000 -0.0203360000
0.0108780000 0.0599590000 0.0133030000
0.0100650000 -0.0043980000 0.0153910000
-0.0207430000 0.0272250000 -0.0212410000
-0.0444920000 -0.0277340000 0.0115950000
0.0305710000 0.0280680000 -0.0211810000
0.0264940000 -0.0297170000 -0.0197890000
0.0509160000 0.0182190000 0.0155370000
-0.0472430000 -0.0035120000 -0.0211220000
-0.0278460000 0.0087590000 0.0136140000
-0.0081660000 -0.0106070000 -0.0222610000
0.0459120000 -0.0208400000 0.0148750000
0.0049730000 -0.0431600000 0.0128720000
0.0272060000 0.0656770000 -0.0190910000
-0.0274640000 -0.0595950000 0.0122790000
-0.0208080000 0.0436810000 0.0111680000
0.0189580000 0.0277690000 0.0157250000
-0.0408590000 -0.0350480000 -0.0200820000
-0.0017160000 0.0520760000 -0.0149470000
-0.0515660000 0.0266720000 -0.0161650000
0.0390410000 0.0467020000 0.0021840000
0.0203670000 -0.0002210000 -0.0223580000
-0.0154250000 -0.0201250000 0.0141780000
-0.0455180000 0.0303950000 0.0109470000
0.0539760000 0.0170530000 -0.0116930000
-0.0514970000 -0.0024810000 0.0120420000
0.0647600000 -0.0033810000 0.0103110000
0.0047840000 0.0223930000 -0.0219620000
-0.0061730000 0.0229600000 0.0147230000
0.0258540000 -0.0322120000 0.0050660000
0.0424220000 -0.0112200000 -0.0216670000
0.0069420000 -0.0423740000 -0.0119260000
0.0343260000 0.0006180000 0.0158800000
-0.0341100000 -0.0544880000 -0.0093330000
-0.0251810000 0.0049010000 -0.0209500000
-0.0652030000 0.0086830000 -0.0146390000
0.0293930000 0.0665090000 0.0027910000
-0.0289850000 -0.0167190000 -0.0202090000
-0.0513220000 -0.0204320000 -0.0077240000
-0.0328420000 0.0366030000 -0.0057940000
-0.0108150000 -0.0518980000 0.0010130000
0.0183440000 0.0454860000 -0.0211510000
-0.0262540000 -0.0383530000 0.0132100000
-0.0131930000 -0.0314200000 -0.0219200000
0.0522250000 -0.0171980000 -0.0044500000
0.0002700000 0.0423800000 0.0143800000
-0.0099630000 -0.0005290000 0.0148150000
-0.0332870000 -0.0107660000 0.0134660000
0.0067980000 -0.0238940000 -0.0220200000
0.0381330000 0.0461680000 -0.0177380000
0.0379350000 0.0090800000 -0.0216010000
0.0041460000 -0.0233570000 0.0145530000
0.0378790000 0.0325460000 0.0155730000
0.0250860000 0.0469720000 0.0154240000
0.0139450000 0.0596950000 -0.0065350000
0.0251200000 -0.0161060000 0.0151500000
0.0477050000 0.0304450000 -0.0005400000
-0.0415170000 -0.0394680000 -0.0020940000
-0.0277600000 0.0269410000 0.0127330000
-0.0060680000 0.0073470000 -0.0221590000
-0.0595360000 -0.0045640000 -0.0039040000
-0.0179280000 0.0438840000 -0.0121660000
0.0085750000 0.0133130000 0.0155110000
-0.0367380000 0.0184640000 -0.0207150000
0.0371590000 -0.0256640000 -0.0064490000
-0.0530940000 0.0148020000 0.0117410000
-0.0050960000 0.0364360000 -0.0210900000
-0.0075580000 0.0496100000 0.0009710000
