-0.0097950000 -0.0184300000 0.0099820000
0.0229430000 0.0505570000 -0.0165530000
-0.0455990000 0.0341560000 -0.0163690000
0.0424570000 -0.0307720000 -0.0172810000
0.0310880000 0.0093580000 0.0096080000
-0.0084220000 0.0311460000 0.0094050000
-0.0261470000 -0.0486570000 -0.0182700000
-0.0366000000 -0.0052180000 -0.0172960000
0.0033670000 0.0055460000 -0.0183790000
0.0087030000 -0.0421550000 -0.0104770000
-0.0374480000 0.0146900000 0.0094450000
0.0256680000 -0.0227890000 0.0096270000
0.0333900000 -0.0019700000 -0.0183280000
0.0205420000 0.0369630000 0.0095230000
-0.0054950000 0.0427070000 -0.0174590000
-0.0124990000 -0.0230550000 -0.0183730000
-0.0149050000 -0.0462660000 0.0076790000
-0.0214380000 0.0192620000 -0.0180780000
0.0036510000 0.0062480000 0.0099310000
0.0301440000 0.0246060000 -0.0132120000
