0.0104320000 0.0485940000 -0.0098090000
-0.0254290000 -0.0498620000 0.0062190000
0.0405230000 -0.0204990000 -0.0160760000
-0.0411670000 0.0133060000 0.0083480000
-0.0075370000 -0.0112440000 -0.0183700000
0.0201320000 0.0095420000 0.0107030000
0.0136200000 -0.0388750000 0.0081660000
-0.0260440000 0.0381070000 -0.0171460000
-0.0096540000 0.0255420000 0.0097270000
-0.0251200000 -0.0163590000 0.0099200000
0.0293390000 0.0228310000 -0.0180060000
-0.0049590000 -0.0432800000 -0.0177410000
-0.0371790000 -0.0036140000 -0.0169280000
-0.0007730000 0.0182400000 -0.0183540000
-0.0307410000 -0.0312530000 -0.0161850000
0.0028940000 -0.0128150000 0.0096870000
0.0311100000 -0.0164280000 0.0101260000
0.0265940000 0.0363570000 0.0089950000
0.0186550000 -0.0033210000 -0.0184070000
0.0205740000 -0.0372170000 -0.0169600000
-0.0324790000 0.0375900000 0.0078630000
-0.0429820000 0.0204140000 -0.0152460000
-0.0091390000 -0.0335320000 0.0095000000
0.0418610000 -0.0347360000 0.0017470000
-0.0133950000 0.0031130000 0.0102780000
-0.0221340000 0.0127300000 -0.0180550000
-0.0100820000 0.0439270000 -0.0022970000
0.0344830000 0.0014210000 -0.0040640000
0.0060690000 0.0388770000 0.0094080000
0.0097240000 -0.0209420000 -0.0184840000
-0.0228190000 -0.0486210000 -0.0129910000
-0.0022700000 0.0371020000 -0.0180700000
