-0.0411300000 0.0127770000 -0.0115120000
0.0429040000 -0.0344840000 0.0046800000
0.0238970000 0.0496190000 0.0084060000
-0.0247990000 -0.0496080000 0.0072160000
0.0111370000 0.0024550000 -0.0183990000
-0.0096370000 0.0417040000 -0.0174100000
0.0075450000 -0.0396570000 -0.0177740000
-0.0152500000 -0.0101920000 0.0102180000
0.0340900000 0.0005180000 0.0097580000
-0.0317000000 -0.0250400000 -0.0178600000
0.0015490000 0.0218100000 0.0098530000
-0.0302660000 0.0373720000 0.0088730000
0.0275070000 0.0306690000 -0.0179500000
0.0132830000 -0.0239870000 0.0092220000
0.0378790000 -0.0136500000 -0.0180570000
-0.0169740000 -0.0007580000 -0.0182060000
-0.0175080000 -0.0466220000 -0.0177110000
-0.0275110000 0.0120700000 0.0099850000
-0.0344590000 0.0367470000 -0.0160510000
0.0293530000 0.0250600000 0.0066580000
-0.0004330000 0.0459550000 0.0052230000
-0.0008510000 -0.0440210000 0.0049870000
0.0101830000 -0.0003680000 0.0099750000
-0.0361740000 -0.0079820000 -0.0010070000
0.0335470000 0.0086400000 -0.0123280000
0.0125500000 0.0483870000 -0.0141200000
-0.0010340000 -0.0178740000 -0.0184170000
0.0303620000 -0.0354350000 -0.0150800000
-0.0050450000 0.0190510000 -0.0183520000
-0.0301790000 -0.0275070000 0.0088020000
-0.0439750000 0.0231220000 0.0056480000
0.0187990000 -0.0196340000 -0.0185420000
0.0175350000 -0.0403920000 -0.0009030000
0.0322370000 -0.0188710000 0.0100140000
-0.0243740000 0.0204240000 -0.0179720000
-0.0111090000 -0.0287500000 0.0097160000
-0.0094690000 0.0073120000 0.0101730000
-0.0126120000 0.0331590000 0.0093260000
0.0143030000 0.0344160000 0.0098210000
0.0096670000 0.0298250000 -0.0182640000
-0.0287130000 -0.0379450000 -0.0061460000
-0.0145410000 -0.0292700000 -0.0183780000
-0.0345210000 -0.0024380000 -0.0175800000
-0.0216150000 0.0412190000 -0.0053190000
0.0166960000 0.0149660000 0.0105000000
0.0261130000 0.0424870000 -0.0064450000
0.0007450000 -0.0135650000 0.0097310000
0.0374280000 -0.0100260000 -0.0024700000
0.0189380000 0.0163730000 -0.0183180000
0.0417550000 -0.0260840000 -0.0089630000
-0.0439160000 0.0360220000 -0.0034290000
0.0257070000 -0.0036070000 -0.0184030000
0.0278030000 -0.0338260000 0.0087150000
-0.0398280000 0.0065180000 0.0023940000
-0.0043370000 -0.0451330000 -0.0098660000
-0.0196640000 -0.0154420000 -0.0182350000
-0.0279740000 -0.0025370000 0.0097800000
-0.0034470000 0.0044950000 -0.0183600000
0.0224310000 -0.0082000000 0.0102800000
-0.0442840000 0.0261720000 -0.0160400000
0.0305560000 0.0216950000 -0.0072050000
-0.0325650000 -0.0219330000 -0.0040310000
0.0125370000 0.0491710000 0.0003670000
-0.0209990000 0.0339280000 -0.0178460000
-0.0161760000 -0.0481540000 -0.0035310000
-0.0160290000 0.0196410000 0.0099970000
0.0001410000 0.0461430000 -0.0087800000
0.0317760000 0.0116160000 0.0021040000
-0.0136460000 -0.0419950000 0.0089740000
0.0021210000 -0.0314920000 0.0092800000
-0.0315620000 0.0243990000 0.0097190000
-0.0267980000 0.0078260000 -0.0178880000
0.0082260000 -0.0268890000 -0.0184650000
-0.0318490000 -0.0148180000 0.0092050000
0.0093520000 -0.0103850000 -0.0184190000
0.0269960000 0.0375590000 0.0055160000
-0.0252250000 -0.0361900000 -0.0182610000
0.0325930000 -0.0368140000 -0.0026640000
0.0065600000 0.0144410000 -0.0183580000
0.0009690000 0.0343080000 0.0094850000
