-0.0325830000 -0.0026930000 -0.0176480000
0.0431940000 -0.0332090000 0.0064570000
0.0236150000 0.0499750000 0.0084790000
-0.0098320000 -0.0450410000 0.0076290000
0.0189930000 0.0053910000 -0.0183900000
-0.0251070000 0.0392400000 0.0082180000
-0.0051870000 -0.0062200000 0.0100460000
0.0145740000 -0.0321840000 -0.0182150000
0.0009230000 0.0376980000 -0.0180580000
-0.0292300000 -0.0359860000 -0.0180680000
-0.0441840000 0.0285430000 -0.0168410000
0.0344210000 -0.0016060000 0.0097900000
0.0059250000 0.0236080000 0.0100000000
-0.0398740000 0.0116800000 0.0091570000
-0.0327720000 -0.0201020000 0.0082840000
0.0390290000 -0.0160630000 -0.0169380000
0.0285670000 0.0319120000 -0.0136290000
-0.0044500000 -0.0105630000 -0.0183870000
0.0162760000 -0.0247370000 0.0091600000
-0.0127700000 0.0148760000 -0.0182810000
-0.0064800000 -0.0441610000 -0.0163210000
-0.0019730000 0.0456920000 0.0046640000
-0.0228770000 0.0395140000 -0.0160850000
0.0296990000 0.0218360000 0.0080650000
-0.0163760000 0.0152360000 0.0101020000
-0.0458410000 0.0325790000 0.0052210000
0.0173340000 0.0500870000 -0.0118890000
0.0138160000 0.0038020000 0.0102620000
0.0093230000 -0.0421890000 -0.0004900000
0.0338300000 -0.0352220000 -0.0118690000
-0.0130730000 -0.0249550000 0.0098890000
-0.0285480000 -0.0389270000 0.0022520000
-0.0257260000 -0.0018910000 0.0099590000
0.0199110000 -0.0136780000 -0.0184180000
0.0350390000 0.0007540000 -0.0090660000
0.0064120000 0.0192860000 -0.0183650000
-0.0215850000 -0.0181390000 -0.0181730000
-0.0409320000 0.0117310000 -0.0093420000
0.0391530000 -0.0165050000 0.0007820000
0.0259440000 -0.0380440000 0.0036030000
-0.0216070000 -0.0493040000 -0.0096930000
-0.0097800000 0.0311420000 0.0094310000
-0.0023600000 -0.0276070000 -0.0184240000
-0.0281710000 0.0224890000 -0.0178090000
-0.0363300000 -0.0073270000 -0.0019910000
0.0317970000 0.0157570000 -0.0162200000
0.0187090000 0.0340730000 0.0097820000
-0.0355910000 0.0379350000 -0.0061330000
0.0015810000 -0.0319080000 0.0092700000
-0.0320640000 -0.0238640000 -0.0074410000
