-0.0331000000 0.0331450000 0.0093990000
0.0422280000 -0.0322260000 -0.0160450000
-0.0276970000 -0.0410930000 0.0078830000
0.0282260000 0.0326030000 -0.0158690000
-0.0089780000 -0.0016450000 -0.0183380000
0.0240650000 -0.0021930000 0.0106070000
0.0029270000 -0.0403460000 -0.0180240000
-0.0369860000 -0.0044400000 0.0077650000
-0.0081610000 0.0422900000 -0.0173070000
-0.0003320000 0.0221970000 0.0097940000
-0.0046930000 -0.0177300000 0.0098540000
-0.0409020000 0.0160870000 -0.0173490000
0.0214080000 -0.0366860000 0.0083200000
-0.0324750000 -0.0229310000 -0.0176120000
0.0165210000 0.0486350000 0.0083970000
0.0348390000 -0.0024050000 -0.0182440000
0.0283650000 0.0243480000 0.0096890000
-0.0258020000 -0.0489150000 -0.0177370000
0.0125190000 -0.0161760000 -0.0184630000
0.0050970000 0.0200540000 -0.0183610000
-0.0026920000 -0.0439060000 0.0063440000
0.0402870000 -0.0205800000 0.0060650000
-0.0114120000 0.0431200000 0.0064680000
-0.0314020000 0.0377810000 -0.0145880000
-0.0148370000 0.0034660000 0.0102470000
-0.0179570000 0.0198500000 -0.0181570000
0.0128940000 0.0484880000 -0.0138120000
-0.0107890000 -0.0233740000 -0.0183960000
-0.0303210000 -0.0020730000 -0.0177620000
-0.0420340000 0.0154560000 0.0034800000
0.0226670000 -0.0378270000 -0.0122480000
-0.0250950000 -0.0208370000 0.0099120000
0.0319040000 0.0146070000 -0.0074960000
0.0049790000 0.0031140000 0.0098880000
0.0155540000 0.0033860000 -0.0183910000
0.0145030000 -0.0188490000 0.0094300000
-0.0458850000 0.0322290000 -0.0041540000
-0.0187730000 0.0215770000 0.0099460000
0.0298820000 -0.0194450000 -0.0183130000
-0.0108000000 -0.0466680000 -0.0092060000
0.0361300000 -0.0055210000 -0.0012860000
0.0357440000 -0.0359530000 -0.0006380000
0.0269790000 0.0383940000 -0.0000410000
0.0133180000 0.0320700000 0.0099530000
-0.0292430000 -0.0358490000 -0.0077430000
0.0029150000 0.0469590000 -0.0004980000
-0.0130480000 -0.0317440000 0.0096510000
0.0098320000 -0.0420240000 -0.0035510000
0.0144510000 0.0160290000 0.0103830000
-0.0339300000 -0.0166580000 -0.0030180000
0.0205500000 0.0182700000 -0.0183110000
0.0128350000 0.0335780000 -0.0181930000
-0.0292120000 0.0093850000 0.0098210000
0.0044780000 -0.0305600000 0.0092190000
-0.0390080000 0.0036420000 -0.0058490000
-0.0248130000 0.0405400000 -0.0010010000
0.0315510000 0.0101120000 0.0068580000
-0.0173200000 -0.0365870000 -0.0184120000
-0.0238610000 -0.0494470000 -0.0033210000
-0.0207900000 -0.0130880000 -0.0181710000
