-0.0162160000 0.0100710000 -0.0182030000
0.0431940000 -0.0332090000 0.0064570000
-0.0250900000 -0.0496650000 0.0071560000
0.0236150000 0.0499750000 0.0084790000
0.0331110000 0.0089040000 -0.0172480000
-0.0458000000 0.0343480000 0.0089470000
0.0059720000 -0.0293130000 -0.0184450000
-0.0344380000 -0.0116060000 0.0088940000
0.0075780000 -0.0024330000 0.0098170000
-0.0113950000 0.0436180000 -0.0027350000
-0.0278170000 -0.0289710000 -0.0180580000
0.0151060000 0.0349350000 -0.0181640000
0.0276460000 0.0201490000 0.0102070000
-0.0206150000 0.0182730000 0.0100380000
0.0030750000 -0.0408020000 0.0085580000
0.0339950000 -0.0206600000 -0.0182350000
-0.0426780000 0.0219780000 -0.0170750000
0.0367410000 -0.0061720000 0.0086340000
0.0083040000 -0.0026740000 -0.0184040000
-0.0369720000 -0.0050430000 -0.0165030000
0.0032740000 0.0269600000 0.0098240000
-0.0107760000 -0.0198760000 0.0099780000
-0.0110080000 -0.0458720000 -0.0125920000
0.0201060000 -0.0236990000 0.0093720000
0.0241450000 -0.0386880000 -0.0075990000
-0.0405610000 0.0095360000 0.0024770000
-0.0118780000 -0.0122650000 -0.0183430000
-0.0225180000 0.0314550000 -0.0178080000
0.0030130000 0.0171330000 -0.0183620000
-0.0305970000 -0.0304270000 0.0021000000
-0.0122490000 0.0001050000 0.0102460000
-0.0261910000 0.0374980000 0.0090390000
0.0078630000 0.0480500000 -0.0045060000
0.0296930000 0.0260840000 -0.0084820000
-0.0037620000 0.0355360000 -0.0180750000
-0.0371430000 0.0374590000 -0.0075960000
0.0242840000 0.0495370000 -0.0123190000
0.0407770000 -0.0352040000 -0.0105210000
-0.0136840000 -0.0368220000 0.0093940000
0.0366900000 -0.0061740000 -0.0085150000
-0.0270280000 -0.0470850000 -0.0181230000
0.0072360000 -0.0425240000 -0.0078760000
-0.0109430000 -0.0296010000 -0.0184010000
0.0233790000 0.0038540000 0.0108110000
0.0175240000 -0.0167620000 -0.0185460000
0.0183390000 0.0341210000 0.0097990000
0.0194380000 0.0179920000 -0.0183140000
0.0000120000 0.0431260000 0.0088220000
0.0323570000 0.0097920000 -0.0011240000
-0.0335470000 -0.0180670000 -0.0076440000
-0.0279540000 0.0029690000 0.0098030000
-0.0008340000 0.0112120000 0.0099690000
0.0050390000 -0.0182270000 0.0095060000
0.0403070000 -0.0207730000 -0.0033580000
-0.0116420000 0.0315070000 0.0094320000
-0.0356730000 0.0225780000 0.0095540000
-0.0317030000 0.0101080000 -0.0177360000
0.0183320000 -0.0388310000 0.0067340000
0.0253270000 -0.0039170000 -0.0184090000
0.0267670000 0.0393440000 -0.0016080000
0.0135130000 0.0154820000 0.0103800000
-0.0443010000 0.0246050000 -0.0022590000
0.0342750000 -0.0205300000 0.0099180000
0.0024310000 -0.0156090000 -0.0184330000
