0.0262830000 0.0413270000 0.0009050000
-0.0262880000 -0.0488200000 -0.0179410000
0.0430600000 -0.0322500000 0.0076220000
-0.0458760000 0.0334340000 -0.0162040000
-0.0095870000 -0.0020670000 0.0101450000
0.0259630000 0.0004290000 -0.0183540000
-0.0140400000 0.0405370000 0.0087510000
0.0033760000 -0.0406310000 0.0085910000
-0.0368270000 -0.0042840000 -0.0172760000
-0.0047270000 0.0190950000 -0.0183470000
-0.0055730000 -0.0208540000 -0.0184070000
-0.0307850000 -0.0281380000 0.0081980000
-0.0377180000 0.0147320000 0.0094040000
0.0226160000 -0.0365600000 -0.0171710000
0.0191200000 0.0117300000 0.0106240000
0.0191480000 -0.0168070000 0.0096660000
0.0036060000 0.0460150000 -0.0154590000
-0.0210190000 0.0392650000 -0.0172060000
0.0199060000 0.0256590000 -0.0182670000
0.0403880000 -0.0194870000 -0.0138080000
-0.0035990000 -0.0438460000 -0.0139150000
-0.0186460000 -0.0479080000 0.0047480000
-0.0025280000 0.0202130000 0.0098400000
-0.0285990000 0.0173620000 -0.0178480000
-0.0286690000 -0.0258280000 -0.0179910000
-0.0365570000 0.0372550000 0.0045240000
0.0351900000 -0.0027130000 0.0020870000
-0.0149080000 -0.0006630000 -0.0182610000
-0.0364790000 -0.0069820000 0.0062150000
0.0066290000 0.0464650000 0.0081280000
-0.0096630000 -0.0235530000 0.0098400000
0.0236830000 -0.0386090000 0.0036170000
0.0149670000 -0.0171670000 -0.0185590000
0.0057390000 0.0013550000 -0.0183880000
0.0235760000 0.0495100000 -0.0173820000
0.0315010000 0.0160380000 -0.0047020000
-0.0209890000 0.0232240000 0.0098500000
0.0146870000 0.0297820000 0.0100860000
0.0082590000 -0.0024420000 0.0098480000
-0.0404860000 0.0097940000 -0.0073760000
0.0374220000 -0.0358020000 -0.0083550000
-0.0287810000 -0.0376810000 -0.0055140000
0.0358770000 -0.0172840000 0.0099810000
0.0068310000 -0.0317750000 -0.0184020000
-0.0249330000 0.0042870000 0.0100430000
0.0108040000 -0.0417350000 -0.0059140000
-0.0217290000 -0.0127560000 0.0100830000
-0.0443010000 0.0246050000 -0.0022590000
-0.0097420000 0.0438930000 -0.0066510000
-0.0334500000 -0.0185260000 -0.0044170000
-0.0167370000 -0.0362420000 -0.0184150000
0.0291770000 0.0237680000 0.0090050000
0.0058560000 -0.0252240000 0.0093270000
0.0054280000 0.0309870000 -0.0182210000
0.0145250000 0.0496810000 -0.0045280000
-0.0239180000 0.0407380000 -0.0026840000
0.0230260000 -0.0025140000 0.0105250000
0.0165760000 0.0115080000 -0.0183740000
-0.0192230000 -0.0145030000 -0.0182410000
0.0289050000 0.0300720000 -0.0078160000
-0.0010720000 0.0344100000 0.0093510000
0.0368820000 -0.0059710000 -0.0118800000
-0.0183930000 -0.0347030000 0.0094940000
-0.0084970000 0.0326030000 -0.0180910000
-0.0423190000 0.0199460000 -0.0170600000
0.0275020000 -0.0232000000 -0.0183090000
-0.0322920000 0.0309230000 -0.0175110000
0.0304110000 0.0135510000 -0.0182560000
-0.0006040000 -0.0129710000 0.0097890000
-0.0061160000 -0.0455810000 -0.0004040000
