0.0228940000 0.0373730000 -0.0180810000
-0.0254920000 -0.0497630000 0.0064750000
-0.0460400000 0.0330110000 0.0087100000
0.0421070000 -0.0326980000 -0.0142840000
-0.0136210000 -0.0029950000 -0.0182880000
0.0222360000 0.0009940000 0.0106260000
-0.0070190000 0.0431150000 0.0083450000
0.0033390000 -0.0388260000 -0.0182120000
-0.0373020000 -0.0017650000 0.0085590000
-0.0061800000 -0.0214100000 0.0098060000
-0.0245050000 0.0296550000 -0.0177650000
-0.0080440000 0.0112370000 0.0101270000
-0.0309230000 -0.0297300000 -0.0177240000
0.0348410000 -0.0021230000 -0.0182220000
0.0206120000 -0.0375160000 0.0079630000
0.0230840000 0.0497310000 0.0090040000
0.0106670000 0.0120380000 -0.0183510000
-0.0390930000 0.0065680000 -0.0172680000
0.0398530000 -0.0189380000 0.0086170000
-0.0024510000 0.0436850000 -0.0173280000
0.0137440000 0.0255250000 0.0101960000
0.0106800000 -0.0137450000 -0.0184260000
-0.0306410000 -0.0256230000 0.0088930000
0.0310790000 0.0181720000 -0.0052190000
-0.0023310000 -0.0443890000 0.0046010000
-0.0240490000 0.0274510000 0.0097010000
-0.0173560000 -0.0471470000 -0.0144260000
-0.0457440000 0.0340770000 -0.0134560000
0.0141200000 -0.0179510000 0.0094270000
-0.0107890000 -0.0233740000 -0.0183960000
0.0220580000 -0.0306810000 -0.0181320000
-0.0352270000 -0.0114430000 -0.0092150000
-0.0090070000 0.0163890000 -0.0183190000
-0.0420190000 0.0155140000 0.0001630000
-0.0181170000 -0.0056490000 0.0102660000
0.0126270000 0.0491560000 -0.0069630000
-0.0220480000 0.0411470000 -0.0030410000
0.0012820000 -0.0045710000 0.0098870000
0.0276620000 0.0353290000 -0.0007820000
0.0356450000 -0.0039430000 -0.0002990000
0.0374510000 -0.0353250000 0.0026590000
-0.0163390000 -0.0353960000 0.0094700000
0.0065200000 0.0286560000 -0.0182770000
-0.0250660000 0.0101870000 0.0100810000
0.0394380000 -0.0165000000 -0.0107810000
-0.0028440000 0.0270460000 0.0095680000
0.0275900000 0.0165100000 0.0107040000
0.0086530000 0.0100000000 0.0101450000
-0.0290110000 -0.0367900000 -0.0031740000
0.0150240000 -0.0407390000 -0.0070380000
0.0091620000 0.0413160000 0.0093610000
-0.0234780000 0.0097190000 -0.0180140000
0.0059780000 -0.0316010000 0.0091040000
0.0018310000 -0.0008060000 -0.0184300000
0.0260800000 -0.0153300000 -0.0185200000
0.0259330000 0.0108400000 -0.0182920000
-0.0233170000 -0.0144860000 -0.0181140000
-0.0378710000 0.0214550000 -0.0173710000
-0.0365040000 0.0376580000 -0.0020230000
-0.0098260000 0.0308310000 -0.0181260000
0.0192810000 -0.0022140000 -0.0184160000
0.0268030000 -0.0248360000 0.0094990000
0.0291040000 0.0246650000 -0.0177980000
0.0291910000 -0.0375820000 -0.0083450000
-0.0005420000 0.0461150000 -0.0038320000
-0.0046040000 -0.0452760000 -0.0089960000
0.0029400000 -0.0250700000 -0.0184320000
0.0282960000 -0.0112960000 0.0103510000
-0.0385400000 0.0017000000 -0.0046090000
0.0228240000 0.0507000000 -0.0161010000
-0.0321310000 -0.0236360000 -0.0042900000
-0.0101510000 -0.0366580000 -0.0184460000
-0.0368090000 0.0234830000 0.0095700000
-0.0288170000 -0.0024110000 -0.0178280000
-0.0295310000 -0.0124660000 0.0095630000
-0.0143920000 -0.0475070000 -0.0003330000
0.0105090000 0.0418250000 -0.0180140000
-0.0176580000 0.0408230000 -0.0155960000
-0.0190260000 -0.0201200000 0.0100380000
0.0248250000 0.0475120000 -0.0035230000
-0.0021080000 -0.0133400000 -0.0184010000
0.0338180000 0.0060060000 -0.0084490000
-0.0189760000 0.0389920000 0.0089230000
0.0205510000 0.0361400000 0.0095960000
-0.0337470000 0.0372670000 -0.0143000000
-0.0450560000 0.0275490000 -0.0023780000
-0.0281400000 -0.0420030000 -0.0177120000
0.0324440000 0.0071380000 0.0041380000
0.0413180000 -0.0246770000 -0.0020190000
0.0331820000 -0.0251420000 -0.0181540000
-0.0309870000 0.0373240000 0.0088210000
0.0095550000 -0.0417600000 0.0039180000
0.0170450000 0.0231460000 -0.0183220000
-0.0278520000 -0.0381280000 0.0086210000
-0.0135130000 0.0217490000 0.0099250000
-0.0252180000 -0.0477950000 -0.0053020000
-0.0369720000 0.0099690000 0.0092750000
0.0128460000 -0.0063490000 0.0098750000
0.0287250000 0.0278890000 0.0084060000
-0.0050620000 -0.0343010000 0.0093570000
-0.0196100000 -0.0304260000 -0.0183160000
-0.0111900000 0.0435780000 -0.0065100000
-0.0335740000 -0.0189260000 -0.0172890000
0.0033470000 -0.0155250000 0.0096160000
-0.0087060000 0.0001120000 0.0101610000
-0.0083920000 -0.0107820000 0.0100110000
0.0000030000 0.0100820000 -0.0183680000
0.0141830000 -0.0382750000 -0.0175440000
0.0333990000 -0.0018230000 0.0099280000
0.0136220000 -0.0241360000 -0.0184500000
0.0138410000 0.0491810000 0.0036370000
-0.0189540000 0.0206480000 -0.0181250000
0.0007880000 0.0170440000 0.0099020000
-0.0357670000 -0.0096370000 0.0011120000
0.0160500000 -0.0282150000 0.0090580000
0.0385160000 -0.0141130000 -0.0005120000
0.0050070000 -0.0430930000 -0.0053350000
-0.0270900000 0.0000290000 0.0098340000
0.0284340000 0.0324560000 -0.0108610000
0.0189890000 0.0108340000 0.0106210000
0.0425310000 -0.0288530000 0.0087940000
-0.0415670000 0.0144150000 -0.0100310000
-0.0118220000 0.0318210000 0.0094130000
0.0011010000 0.0200020000 -0.0183610000
-0.0133330000 0.0074030000 -0.0182570000
-0.0114730000 -0.0440750000 0.0085530000
0.0003780000 0.0364480000 0.0093250000
-0.0123470000 -0.0136980000 -0.0183380000
