0.0240500000 0.0009990000 0.0107330000
-0.0457490000 0.0339480000 -0.0163500000
-0.0262880000 -0.0488200000 -0.0179410000
0.0227060000 0.0505450000 -0.0167480000
-0.0268890000 -0.0057860000 0.0099120000
0.0198500000 -0.0373140000 -0.0171070000
-0.0096290000 0.0352140000 0.0091550000
-0.0021870000 0.0073710000 -0.0183860000
-0.0054860000 -0.0357540000 0.0093060000
0.0426750000 -0.0291910000 0.0087200000
0.0302480000 0.0174580000 -0.0181800000
0.0221640000 0.0327700000 0.0096890000
-0.0207890000 -0.0181950000 -0.0181970000
0.0381250000 -0.0123860000 -0.0170510000
-0.0364900000 0.0223950000 0.0095420000
-0.0392710000 0.0049610000 -0.0152990000
-0.0172750000 0.0319640000 -0.0179550000
-0.0027770000 0.0083160000 0.0100450000
-0.0304490000 -0.0310280000 0.0026500000
0.0173220000 -0.0238290000 0.0092640000
0.0046830000 -0.0171010000 -0.0184380000
0.0080690000 0.0300020000 -0.0182580000
-0.0030210000 -0.0437780000 -0.0135460000
0.0077030000 0.0480290000 0.0009430000
-0.0059310000 -0.0136350000 0.0099610000
0.0409310000 -0.0333880000 -0.0124790000
-0.0288350000 0.0395890000 -0.0011740000
0.0192760000 -0.0012160000 -0.0184110000
-0.0195490000 -0.0485620000 0.0014770000
0.0119660000 -0.0415610000 0.0010460000
