-0.0440280000 0.0236300000 -0.0039200000
0.0429030000 -0.0346730000 0.0041060000
-0.0269450000 -0.0476760000 -0.0179290000
0.0247260000 0.0487190000 -0.0152800000
0.0042320000 -0.0022620000 -0.0183960000
-0.0268280000 -0.0140970000 0.0098330000
-0.0037060000 0.0289560000 0.0095060000
0.0322910000 0.0041770000 0.0104760000
0.0031950000 -0.0412510000 0.0083050000
0.0362160000 -0.0114090000 -0.0183110000
-0.0189880000 0.0397860000 -0.0171670000
-0.0271350000 0.0006480000 -0.0178900000
0.0273720000 0.0181900000 -0.0182210000
0.0193200000 -0.0369920000 -0.0175050000
0.0071710000 -0.0117410000 0.0095700000
0.0254480000 0.0327950000 0.0094490000
-0.0070890000 -0.0277900000 -0.0184370000
-0.0246130000 -0.0418010000 0.0090310000
-0.0244560000 0.0123080000 0.0101030000
0.0016310000 0.0234100000 -0.0183250000
-0.0270900000 0.0390440000 0.0075210000
-0.0323360000 -0.0235310000 -0.0129020000
0.0019410000 0.0465870000 -0.0068510000
0.0103580000 0.0108690000 0.0102420000
0.0218860000 -0.0286800000 0.0091060000
0.0401200000 -0.0322990000 -0.0167780000
0.0385430000 -0.0142060000 0.0026670000
-0.0382460000 0.0002620000 -0.0001790000
-0.0083870000 -0.0461640000 -0.0085970000
-0.0090500000 -0.0246060000 0.0098410000
-0.0287200000 0.0211090000 -0.0178070000
-0.0105210000 -0.0021890000 0.0101850000
0.0172040000 -0.0173120000 -0.0184950000
0.0186330000 0.0502730000 0.0034230000
0.0342080000 0.0040300000 -0.0080600000
-0.0121540000 0.0112700000 -0.0182860000
-0.0128640000 -0.0104310000 -0.0183140000
-0.0392820000 0.0355260000 -0.0164320000
0.0166780000 0.0329100000 -0.0181950000
0.0306330000 0.0193650000 -0.0004650000
