-0.0413910000 0.0335240000 0.0094190000
0.0422280000 -0.0322260000 -0.0160450000
-0.0279440000 -0.0398800000 0.0080870000
0.0268320000 0.0392440000 -0.0157060000
-0.0102950000 0.0018460000 -0.0183140000
0.0255060000 0.0014410000 0.0108370000
0.0026140000 -0.0394430000 -0.0181970000
-0.0129830000 0.0413850000 -0.0170410000
-0.0372520000 -0.0036510000 0.0074090000
-0.0031570000 0.0213450000 0.0098050000
-0.0036760000 -0.0161020000 0.0098410000
0.0213150000 -0.0368170000 0.0082550000
-0.0389820000 0.0163350000 -0.0174230000
0.0193760000 -0.0098600000 -0.0184410000
-0.0317060000 -0.0220050000 -0.0178680000
0.0112700000 0.0473760000 0.0083630000
