0.0081550000 0.0012950000 0.0099600000
-0.0457490000 0.0339480000 -0.0163500000
-0.0262880000 -0.0488200000 -0.0179410000
0.0230220000 0.0503630000 -0.0169100000
0.0423310000 -0.0320010000 -0.0162210000
-0.0362250000 -0.0078810000 0.0015430000
-0.0107200000 0.0405220000 0.0087070000
0.0077040000 -0.0413540000 0.0070560000
0.0317000000 0.0129790000 -0.0179760000
-0.0134100000 0.0144200000 -0.0182640000
-0.0053620000 -0.0201410000 -0.0184030000
0.0245100000 0.0303390000 0.0096130000
0.0374330000 -0.0128080000 0.0095490000
-0.0224810000 -0.0345340000 0.0095220000
-0.0349810000 0.0217210000 0.0095480000
0.0214780000 -0.0130750000 -0.0184140000
-0.0027710000 0.0400570000 -0.0178480000
0.0144840000 -0.0379550000 -0.0176510000
-0.0386800000 0.0092010000 -0.0174950000
-0.0311550000 -0.0237130000 -0.0179210000
-0.0165930000 0.0048120000 0.0102510000
0.0313720000 -0.0361420000 0.0053530000
-0.0031850000 -0.0200030000 0.0097350000
0.0109510000 0.0485870000 0.0031800000
0.0085210000 0.0069430000 -0.0183930000
-0.0246480000 0.0403370000 -0.0096340000
0.0320040000 0.0090040000 0.0046760000
-0.0054830000 -0.0453800000 -0.0105600000
0.0032920000 0.0230190000 0.0099120000
0.0162360000 0.0282990000 -0.0182680000
0.0178820000 -0.0204600000 0.0094700000
-0.0202930000 -0.0053570000 -0.0181550000
0.0363570000 -0.0048050000 -0.0087700000
-0.0214390000 -0.0157760000 0.0100270000
-0.0442280000 0.0358200000 0.0020710000
-0.0166210000 0.0231130000 0.0098890000
-0.0235860000 -0.0499060000 -0.0000290000
-0.0292820000 0.0248290000 -0.0177190000
0.0275810000 0.0362240000 -0.0070590000
-0.0166180000 -0.0339260000 -0.0183900000
-0.0281050000 0.0378820000 0.0088360000
-0.0319920000 -0.0243250000 -0.0006790000
-0.0403720000 0.0088840000 -0.0005130000
-0.0089830000 -0.0449040000 0.0075070000
0.0177440000 0.0150160000 0.0105490000
-0.0363400000 -0.0075030000 -0.0149970000
0.0413030000 -0.0246510000 -0.0010670000
0.0235850000 -0.0041120000 0.0104950000
0.0004040000 0.0227020000 -0.0183360000
-0.0039620000 -0.0042890000 -0.0183800000
0.0284940000 -0.0377220000 -0.0101820000
0.0367440000 -0.0173140000 -0.0182920000
0.0305460000 0.0212160000 -0.0048620000
0.0098940000 -0.0231510000 -0.0184810000
-0.0027940000 0.0455890000 -0.0033970000
-0.0288040000 -0.0376320000 -0.0075560000
-0.0437370000 0.0226560000 -0.0061920000
-0.0144450000 0.0302850000 -0.0180630000
0.0249360000 0.0455570000 0.0083630000
0.0089390000 0.0476520000 -0.0125580000
-0.0055050000 -0.0050210000 0.0100590000
-0.0001350000 -0.0340440000 -0.0183960000
-0.0312090000 0.0034290000 0.0095770000
0.0035000000 0.0376320000 0.0094480000
-0.0031610000 0.0101670000 0.0100250000
0.0219960000 0.0020070000 -0.0183890000
0.0241260000 -0.0270240000 -0.0182470000
0.0162820000 -0.0405620000 -0.0039820000
-0.0252350000 0.0080130000 -0.0179390000
0.0090220000 -0.0071310000 -0.0184280000
0.0186850000 -0.0339770000 0.0086350000
-0.0025420000 -0.0332720000 0.0093270000
0.0074160000 -0.0120750000 0.0095500000
0.0291970000 0.0261460000 -0.0170170000
0.0220590000 0.0499130000 -0.0038350000
-0.0184500000 -0.0198140000 -0.0182400000
0.0305080000 -0.0238550000 0.0096400000
0.0184650000 0.0153310000 -0.0183240000
-0.0368280000 0.0375210000 -0.0079830000
-0.0125160000 0.0431230000 -0.0106970000
-0.0251540000 0.0142240000 0.0100230000
0.0334910000 0.0070360000 -0.0074180000
-0.0141310000 -0.0255150000 0.0098960000
0.0350890000 -0.0026320000 0.0032220000
0.0423700000 -0.0319330000 0.0085620000
0.0081550000 -0.0276000000 0.0091940000
0.0231910000 0.0383550000 -0.0180620000
0.0155160000 0.0382820000 0.0096360000
0.0045800000 -0.0431610000 -0.0045450000
0.0292840000 0.0193960000 0.0098000000
