0.0277740000 0.0342060000 0.0045730000
-0.0262880000 -0.0488200000 -0.0179410000
-0.0458760000 0.0334340000 -0.0162040000
0.0415460000 -0.0348160000 -0.0032100000
-0.0131460000 -0.0028240000 0.0102150000
0.0192760000 -0.0012160000 -0.0184110000
-0.0132140000 0.0413460000 0.0085610000
0.0030440000 -0.0400390000 0.0086640000
-0.0373070000 -0.0021450000 -0.0173010000
-0.0094570000 0.0186180000 -0.0183080000
-0.0085890000 -0.0198320000 -0.0183830000
0.0356890000 -0.0053160000 0.0095370000
-0.0289990000 -0.0310150000 0.0089420000
0.0069660000 0.0463400000 -0.0169620000
-0.0394190000 0.0153720000 0.0092540000
0.0158270000 -0.0367820000 -0.0179310000
0.0120390000 0.0109380000 0.0102940000
0.0109070000 -0.0151620000 0.0094490000
0.0288730000 0.0225670000 -0.0181980000
-0.0216110000 0.0400440000 -0.0149300000
0.0385210000 -0.0158050000 -0.0179110000
-0.0319890000 -0.0255600000 -0.0153010000
-0.0361490000 -0.0082880000 0.0057370000
-0.0356960000 0.0376460000 0.0044060000
0.0089980000 0.0475190000 0.0064960000
-0.0048280000 -0.0443250000 -0.0120400000
-0.0090370000 0.0192830000 0.0099500000
0.0236110000 -0.0329710000 0.0088070000
0.0315170000 0.0135970000 0.0009300000
-0.0305980000 0.0183780000 -0.0177700000
-0.0195750000 -0.0484620000 0.0022360000
-0.0096270000 -0.0233970000 0.0098490000
-0.0167700000 -0.0007860000 -0.0182100000
0.0092280000 0.0264260000 -0.0183220000
0.0262920000 0.0421250000 -0.0141480000
0.0104920000 -0.0182320000 -0.0185440000
0.0073440000 0.0291520000 0.0098960000
0.0012370000 0.0031430000 -0.0184290000
0.0353070000 0.0000230000 -0.0100520000
0.0382270000 -0.0228780000 0.0095750000
0.0325800000 -0.0321610000 -0.0177620000
-0.0254260000 0.0249330000 0.0098060000
-0.0070290000 0.0445120000 -0.0075260000
-0.0178240000 -0.0341140000 -0.0183810000
-0.0406660000 0.0104770000 -0.0068470000
-0.0247860000 0.0085230000 0.0100650000
0.0148640000 -0.0409880000 -0.0023340000
0.0238550000 0.0492530000 0.0002230000
-0.0445880000 0.0256860000 -0.0022360000
-0.0287810000 -0.0376810000 -0.0055140000
0.0024420000 -0.0015350000 0.0098820000
0.0203660000 -0.0024410000 0.0103930000
-0.0235350000 -0.0163800000 0.0099790000
-0.0047160000 0.0335970000 -0.0181210000
0.0016840000 -0.0311510000 -0.0184260000
0.0384680000 -0.0138010000 -0.0029460000
0.0229420000 0.0213000000 0.0104260000
0.0161820000 0.0133260000 -0.0183410000
-0.0119020000 -0.0379710000 0.0092550000
-0.0264400000 -0.0119630000 -0.0179860000
-0.0329080000 -0.0207780000 -0.0015070000
0.0254420000 -0.0159510000 0.0100180000
0.0247380000 -0.0200980000 -0.0183830000
0.0281560000 -0.0378100000 -0.0056320000
-0.0231720000 0.0409360000 -0.0010230000
-0.0346620000 0.0379840000 -0.0095590000
0.0105840000 -0.0287550000 0.0090960000
0.0302850000 0.0092640000 -0.0182530000
0.0297300000 0.0253700000 -0.0052050000
-0.0206090000 0.0272080000 -0.0179830000
0.0000430000 -0.0099690000 -0.0184090000
-0.0430490000 0.0206400000 -0.0150190000
-0.0004690000 0.0393130000 0.0091590000
-0.0056040000 -0.0454880000 0.0009470000
0.0300510000 0.0060450000 0.0111410000
0.0167190000 0.0378940000 0.0095870000
-0.0016960000 -0.0135210000 0.0098190000
-0.0199140000 0.0114790000 -0.0181780000
0.0172410000 0.0503140000 -0.0107520000
-0.0391620000 0.0037990000 0.0037020000
-0.0354820000 -0.0103750000 -0.0078570000
-0.0456440000 0.0315130000 0.0087150000
-0.0165710000 -0.0480330000 -0.0102830000
0.0156980000 0.0372920000 -0.0180980000
0.0419750000 -0.0262280000 -0.0124090000
-0.0253470000 -0.0040740000 0.0099980000
-0.0063390000 0.0073960000 0.0101260000
0.0036380000 0.0156000000 -0.0183580000
0.0298540000 -0.0072520000 -0.0183790000
0.0045970000 0.0472610000 -0.0048460000
0.0355240000 -0.0345200000 0.0073890000
0.0068610000 -0.0417980000 -0.0114160000
-0.0204140000 -0.0224690000 -0.0182240000
-0.0292800000 -0.0371630000 -0.0175110000
0.0027100000 0.0181370000 0.0099190000
-0.0145110000 0.0295910000 0.0095650000
-0.0349250000 0.0291670000 -0.0173730000
-0.0267900000 -0.0422630000 0.0087150000
-0.0303870000 0.0069860000 -0.0177770000
0.0338920000 0.0021440000 0.0010270000
