0.0355710000 0.0255210000 0.0303830000
-0.0464500000 -0.0189960000 -0.0490000000
-0.0521420000 0.0129210000 0.0335020000
0.0419370000 -0.0154630000 -0.0476860000
-0.0028880000 -0.0257610000 0.0044050000
-0.0039790000 0.0245750000 -0.0331110000
0.0393440000 -0.0250790000 0.0326220000
-0.0477180000 0.0154280000 -0.0146080000
-0.0095330000 0.0243070000 0.0144830000
0.0402590000 0.0207330000 -0.0167860000
-0.0020850000 -0.0256230000 -0.0410930000
-0.0378050000 -0.0299960000 0.0328930000
-0.0419920000 -0.0245690000 -0.0078300000
0.0361440000 -0.0223380000 -0.0079970000
0.0090490000 -0.0029710000 0.0307470000
-0.0362290000 0.0207890000 -0.0478130000
0.0274980000 0.0258430000 -0.0494030000
-0.0233640000 -0.0012430000 0.0288790000
0.0454770000 0.0001310000 0.0131040000
0.0191330000 0.0258650000 0.0044900000
0.0140170000 -0.0008590000 -0.0465620000
-0.0081810000 -0.0288530000 0.0331490000
-0.0153130000 0.0002750000 -0.0464900000
-0.0501450000 -0.0020680000 0.0086120000
-0.0372790000 0.0227720000 0.0109160000
-0.0211310000 0.0236940000 -0.0114770000
-0.0275050000 -0.0272290000 -0.0312590000
0.0091540000 0.0275190000 0.0333140000
0.0227540000 -0.0239220000 -0.0309710000
0.0459300000 -0.0040560000 -0.0242740000
0.0216930000 -0.0245010000 0.0134900000
-0.0497110000 -0.0074640000 -0.0262740000
-0.0263700000 0.0262380000 0.0333030000
-0.0264070000 -0.0271680000 0.0113050000
0.0447520000 0.0088590000 -0.0455260000
0.0165340000 0.0258960000 -0.0198080000
-0.0525660000 -0.0110750000 0.0322370000
0.0030870000 -0.0249320000 -0.0181590000
-0.0505090000 0.0031700000 -0.0466480000
0.0317520000 -0.0039820000 0.0304900000
-0.0199020000 -0.0267230000 -0.0100830000
0.0405910000 0.0203910000 0.0055490000
-0.0002990000 0.0247060000 -0.0055240000
0.0134290000 -0.0275860000 0.0332320000
0.0479100000 0.0089550000 0.0324430000
-0.0458580000 -0.0211990000 0.0151840000
-0.0337490000 0.0231950000 -0.0276550000
-0.0159330000 0.0227620000 -0.0494140000
-0.0065370000 0.0100980000 0.0286680000
0.0074930000 0.0240930000 -0.0495200000
0.0410840000 -0.0195690000 0.0129980000
-0.0201170000 -0.0244910000 -0.0495620000
0.0452420000 0.0045440000 -0.0063490000
0.0156720000 -0.0225090000 -0.0494550000
0.0209240000 0.0125560000 0.0292420000
0.0172130000 -0.0244290000 -0.0052680000
-0.0334230000 -0.0050440000 -0.0471810000
-0.0075280000 -0.0109680000 0.0286980000
0.0386810000 0.0226060000 -0.0348430000
-0.0235580000 -0.0193450000 0.0293230000
0.0487050000 -0.0097500000 0.0319870000
-0.0498580000 -0.0082020000 -0.0084070000
-0.0486370000 0.0139740000 -0.0324060000
-0.0086270000 0.0271550000 0.0331030000
0.0401330000 -0.0196420000 -0.0304080000
-0.0442570000 -0.0228060000 -0.0321850000
-0.0353050000 0.0117170000 0.0296590000
0.0313360000 -0.0020040000 -0.0471010000
-0.0012160000 -0.0094490000 -0.0465770000
-0.0008910000 0.0094810000 -0.0466730000
-0.0488260000 0.0135060000 0.0021480000
0.0025950000 -0.0257720000 0.0204830000
0.0074060000 0.0252310000 0.0167350000
-0.0114080000 -0.0258880000 -0.0266810000
0.0171880000 0.0262290000 -0.0363390000
0.0455090000 -0.0106290000 -0.0001150000
-0.0363210000 0.0228590000 -0.0053580000
0.0231550000 0.0262470000 0.0201020000
-0.0366970000 -0.0100680000 0.0292920000
-0.0224520000 0.0236030000 0.0050740000
-0.0497880000 0.0112680000 0.0178210000
0.0278000000 0.0266360000 -0.0087970000
0.0201130000 -0.0141960000 0.0289890000
-0.0194700000 0.0237490000 -0.0342520000
-0.0125760000 -0.0266640000 0.0185370000
0.0233000000 0.0113010000 -0.0471640000
0.0430640000 0.0165440000 0.0201870000
-0.0344920000 -0.0274950000 -0.0451630000
0.0447230000 0.0108390000 -0.0273610000
-0.0424040000 0.0246210000 0.0325550000
