0.0226960000 -0.0242380000 0.0010900000
-0.0480030000 0.0138810000 -0.0470230000
-0.0521670000 -0.0070470000 0.0336790000
0.0286580000 0.0265550000 -0.0490120000
0.0021110000 0.0276780000 0.0332430000
-0.0049070000 -0.0244500000 -0.0496160000
-0.0412910000 -0.0250450000 -0.0130850000
0.0478920000 0.0061080000 0.0327580000
-0.0096340000 0.0242350000 -0.0157830000
0.0412630000 -0.0182630000 -0.0424820000
-0.0111330000 -0.0291610000 0.0330100000
0.0336380000 0.0253830000 -0.0047060000
-0.0479260000 0.0151180000 -0.0016250000
-0.0352740000 0.0264290000 0.0318030000
-0.0430360000 -0.0221450000 -0.0492330000
0.0138870000 -0.0047670000 0.0285760000
-0.0021970000 0.0100840000 -0.0467040000
-0.0070380000 -0.0256980000 -0.0155480000
0.0459400000 -0.0044240000 -0.0125890000
0.0390130000 -0.0254410000 0.0319820000
-0.0167820000 0.0013870000 0.0286660000
-0.0366540000 -0.0272600000 0.0167540000
0.0308290000 0.0292340000 0.0316730000
-0.0156560000 0.0239850000 0.0118550000
0.0164610000 -0.0241830000 -0.0307220000
-0.0502930000 -0.0011050000 -0.0241950000
0.0448430000 0.0084800000 -0.0367150000
-0.0355270000 0.0229890000 -0.0246660000
0.0158660000 0.0258460000 -0.0252010000
-0.0259750000 -0.0018920000 -0.0468220000
