0.0196480000 0.0176260000 0.0291670000
-0.0465140000 -0.0186890000 -0.0490950000
0.0404860000 -0.0168660000 -0.0478760000
-0.0496990000 -0.0215930000 0.0322230000
-0.0040410000 0.0245270000 -0.0294550000
-0.0028230000 -0.0256490000 -0.0014830000
-0.0493950000 0.0121470000 -0.0072930000
0.0444730000 -0.0137390000 0.0011410000
-0.0276370000 0.0263590000 0.0333220000
-0.0028370000 -0.0255020000 -0.0487530000
0.0397900000 0.0213630000 -0.0254820000
0.0209780000 -0.0273320000 0.0330700000
-0.0409480000 0.0212860000 -0.0460140000
-0.0403970000 -0.0255330000 -0.0115840000
-0.0153790000 -0.0081760000 0.0286470000
-0.0054730000 0.0245000000 0.0056290000
0.0479580000 -0.0017470000 0.0332250000
0.0182910000 0.0076150000 -0.0468760000
0.0229850000 -0.0238870000 -0.0214310000
0.0424010000 0.0178990000 0.0062930000
-0.0532590000 0.0091830000 0.0327030000
-0.0168280000 0.0020860000 -0.0465590000
-0.0292950000 -0.0275790000 0.0139120000
0.0181190000 0.0259700000 -0.0088590000
-0.0168010000 -0.0263060000 -0.0254520000
-0.0253350000 0.0235240000 -0.0126550000
0.0459550000 -0.0049810000 -0.0243970000
-0.0496070000 -0.0096880000 0.0079950000
-0.0504560000 0.0013310000 -0.0313760000
0.0445060000 0.0092760000 -0.0486350000
0.0213640000 -0.0243960000 0.0074600000
-0.0053770000 0.0150050000 0.0291500000
0.0096410000 -0.0054940000 0.0284020000
-0.0352660000 0.0229700000 0.0098590000
0.0435740000 0.0224560000 0.0318020000
-0.0032810000 -0.0290540000 0.0324120000
0.0188140000 0.0263100000 -0.0332270000
0.0402680000 -0.0205240000 0.0226550000
0.0176900000 -0.0153060000 -0.0471700000
-0.0255070000 -0.0270980000 -0.0467640000
-0.0165340000 0.0242350000 -0.0478640000
-0.0322690000 0.0053850000 0.0291780000
0.0048460000 0.0243540000 -0.0493680000
-0.0421040000 0.0209440000 -0.0249840000
-0.0374380000 -0.0001260000 -0.0474290000
0.0317580000 0.0255150000 -0.0493080000
0.0038770000 -0.0248230000 -0.0293320000
0.0239010000 0.0262010000 0.0107270000
-0.0235050000 -0.0293520000 0.0332030000
-0.0499350000 -0.0072490000 -0.0129240000
-0.0390790000 -0.0262450000 -0.0317250000
-0.0500920000 0.0096790000 0.0125570000
0.0288140000 0.0000550000 0.0289160000
-0.0221460000 -0.0269720000 -0.0043340000
0.0449900000 0.0092350000 -0.0111120000
0.0016250000 -0.0039440000 -0.0463830000
0.0454370000 0.0007190000 0.0141910000
0.0044330000 -0.0254570000 0.0156640000
-0.0331480000 -0.0133020000 0.0293710000
-0.0246760000 0.0235710000 -0.0311160000
0.0400950000 -0.0199070000 -0.0157680000
0.0000390000 0.0247340000 -0.0117390000
0.0062230000 0.0251530000 0.0196750000
-0.0188420000 0.0238290000 0.0176200000
0.0357800000 0.0244130000 -0.0085790000
-0.0423420000 0.0206860000 0.0256690000
-0.0499310000 -0.0058880000 0.0251680000
-0.0125540000 -0.0266350000 0.0175640000
0.0131940000 -0.0245670000 -0.0074610000
0.0362070000 -0.0221320000 -0.0322910000
