-0.0440430000 0.0195590000 0.0099890000
0.0441420000 -0.0128250000 -0.0470620000
0.0411840000 0.0238420000 0.0332080000
-0.0309620000 -0.0269440000 -0.0491640000
-0.0017960000 -0.0290160000 0.0323080000
-0.0020920000 0.0247190000 -0.0340110000
0.0415870000 -0.0189700000 0.0042530000
-0.0367090000 -0.0270740000 -0.0013560000
-0.0481050000 0.0151500000 -0.0366910000
-0.0048560000 0.0268600000 0.0333590000
0.0390230000 0.0221980000 -0.0148350000
0.0041860000 -0.0248360000 -0.0207290000
-0.0517170000 -0.0126590000 0.0338090000
0.0302620000 0.0253180000 -0.0494930000
0.0070500000 0.0251320000 0.0001390000
0.0166900000 -0.0001010000 0.0286100000
0.0107450000 -0.0039450000 -0.0465130000
-0.0206400000 -0.0019890000 0.0285710000
0.0480330000 -0.0073360000 0.0331800000
-0.0203880000 0.0025920000 -0.0466590000
-0.0489600000 -0.0146220000 -0.0268940000
-0.0271220000 0.0234700000 -0.0155530000
0.0128460000 -0.0248480000 0.0072880000
0.0272890000 -0.0276250000 0.0323430000
0.0327080000 -0.0233220000 -0.0231280000
0.0449030000 0.0087170000 0.0092840000
-0.0299490000 -0.0304670000 0.0315190000
-0.0319590000 0.0259250000 0.0333580000
-0.0501660000 -0.0034830000 -0.0023360000
-0.0177890000 0.0239090000 0.0100390000
-0.0225810000 -0.0267290000 -0.0237590000
-0.0045960000 -0.0254880000 -0.0471030000
-0.0128890000 -0.0264750000 0.0087300000
0.0456770000 -0.0009840000 -0.0243110000
0.0184650000 0.0260540000 0.0225730000
-0.0527910000 0.0122490000 0.0325280000
-0.0476090000 -0.0055840000 -0.0494220000
0.0232610000 -0.0240370000 -0.0477080000
0.0204420000 0.0263220000 -0.0284240000
-0.0263350000 0.0235740000 -0.0388360000
-0.0479100000 0.0151320000 -0.0143660000
0.0447070000 0.0091630000 -0.0448290000
0.0321320000 0.0259390000 0.0054770000
-0.0478060000 -0.0178780000 0.0138830000
0.0116930000 0.0169290000 -0.0473070000
-0.0023370000 0.0069320000 0.0284790000
-0.0070290000 0.0243540000 -0.0142420000
-0.0504130000 0.0012120000 0.0166990000
0.0349310000 0.0062000000 0.0291880000
0.0457440000 -0.0030920000 -0.0054510000
