0.0253190000 -0.0239500000 -0.0047140000
-0.0512020000 0.0159970000 0.0329690000
-0.0485950000 -0.0125670000 -0.0491840000
0.0084050000 0.0253960000 -0.0489320000
0.0133110000 0.0282230000 0.0330010000
-0.0173030000 -0.0298590000 0.0326360000
-0.0319860000 0.0232820000 -0.0150090000
0.0011250000 -0.0248190000 -0.0492930000
0.0377290000 0.0232370000 -0.0095390000
0.0456590000 -0.0062890000 -0.0469280000
0.0481630000 -0.0050700000 0.0331350000
-0.0467950000 -0.0197130000 -0.0026890000
-0.0114400000 -0.0259890000 -0.0138020000
0.0193910000 -0.0278710000 0.0326590000
-0.0160340000 0.0067560000 0.0286540000
0.0020740000 0.0248280000 -0.0022280000
-0.0509510000 -0.0191890000 0.0321850000
-0.0242510000 0.0122080000 -0.0471030000
0.0381940000 0.0230200000 -0.0406780000
0.0399110000 0.0212030000 0.0204800000
0.0459750000 -0.0049420000 -0.0163490000
-0.0502600000 0.0091730000 0.0038110000
0.0261960000 -0.0238080000 -0.0340410000
-0.0506100000 0.0032180000 -0.0248240000
-0.0257520000 -0.0271390000 -0.0389810000
0.0119700000 -0.0002960000 0.0283280000
0.0008920000 -0.0256330000 0.0114530000
0.0181040000 -0.0005930000 -0.0466840000
-0.0080020000 0.0242760000 -0.0273300000
-0.0285880000 0.0233770000 0.0115980000
0.0448630000 -0.0127390000 0.0082460000
-0.0250080000 -0.0272520000 0.0083450000
0.0173990000 0.0259420000 -0.0250280000
-0.0484880000 0.0122350000 -0.0472330000
-0.0454010000 -0.0214980000 -0.0264650000
-0.0054370000 -0.0023260000 -0.0463430000
-0.0050060000 0.0246730000 0.0195180000
-0.0299430000 -0.0112170000 0.0291580000
0.0225130000 0.0261310000 0.0070920000
-0.0254010000 0.0262230000 0.0332920000
0.0095250000 -0.0245130000 -0.0199600000
-0.0057310000 -0.0121820000 0.0287620000
0.0449350000 0.0080790000 0.0041490000
0.0402570000 -0.0245380000 0.0307330000
-0.0283810000 -0.0082770000 -0.0469430000
-0.0495540000 -0.0083590000 0.0146920000
-0.0364330000 0.0230010000 -0.0346940000
-0.0314940000 -0.0275480000 -0.0129490000
0.0312030000 0.0051230000 0.0289670000
0.0276870000 -0.0242850000 0.0149950000
0.0444510000 0.0126290000 -0.0249450000
-0.0169730000 0.0239280000 -0.0034110000
-0.0075860000 -0.0257110000 -0.0325110000
-0.0349400000 0.0069780000 0.0294590000
0.0374840000 -0.0215910000 -0.0191030000
-0.0360070000 -0.0306060000 0.0313820000
-0.0101960000 0.0243990000 -0.0475920000
0.0010400000 -0.0288540000 0.0321470000
-0.0417120000 -0.0249140000 0.0149340000
0.0274750000 -0.0121330000 0.0309190000
-0.0528320000 -0.0016130000 0.0331130000
0.0341640000 0.0071290000 -0.0475060000
-0.0501580000 -0.0034150000 -0.0085280000
-0.0476360000 0.0156270000 -0.0126880000
-0.0447330000 0.0190110000 0.0170680000
0.0308570000 0.0287420000 0.0331940000
0.0361690000 -0.0207550000 -0.0478860000
0.0184470000 -0.0224700000 -0.0494640000
0.0473310000 0.0123860000 0.0333430000
-0.0138350000 -0.0173050000 -0.0472100000
0.0000550000 0.0114600000 0.0286930000
0.0449440000 -0.0124630000 -0.0314350000
0.0084420000 -0.0249070000 -0.0033600000
-0.0388200000 -0.0258100000 -0.0489100000
0.0237740000 0.0197360000 -0.0475600000
0.0210960000 0.0261970000 -0.0091380000
0.0337590000 0.0255660000 -0.0251230000
-0.0392780000 0.0221930000 -0.0005410000
0.0451310000 0.0037010000 0.0199510000
0.0052100000 0.0096510000 -0.0467080000
0.0100460000 -0.0245430000 -0.0359620000
0.0105430000 0.0254020000 0.0174520000
0.0096340000 -0.0157990000 0.0306470000
0.0184140000 0.0140160000 0.0288060000
-0.0209240000 0.0236870000 -0.0359380000
-0.0130870000 -0.0267220000 0.0180990000
0.0038970000 0.0250080000 -0.0174730000
-0.0112830000 -0.0262750000 0.0015440000
0.0070310000 -0.0110930000 -0.0467210000
-0.0496740000 -0.0088800000 -0.0338740000
0.0403700000 -0.0199140000 -0.0043510000
0.0391640000 0.0219930000 0.0054140000
-0.0104030000 0.0268650000 0.0333540000
0.0054160000 0.0252180000 -0.0340240000
-0.0218280000 -0.0266620000 -0.0244390000
-0.0505580000 0.0057210000 0.0201820000
0.0133320000 -0.0250220000 0.0192840000
0.0449620000 0.0094880000 -0.0104870000
-0.0397140000 0.0247760000 0.0303260000
-0.0405630000 -0.0001520000 -0.0476290000
0.0450690000 0.0053740000 -0.0376490000
0.0310940000 -0.0071380000 -0.0471360000
-0.0480770000 0.0149580000 -0.0325910000
0.0448820000 -0.0135950000 0.0223380000
0.0236600000 -0.0238500000 -0.0200850000
-0.0181950000 0.0238260000 -0.0174940000
0.0244210000 0.0263470000 0.0210010000
-0.0187730000 0.0239900000 0.0212940000
0.0458470000 -0.0042000000 -0.0026200000
-0.0263180000 -0.0274780000 0.0221580000
-0.0104010000 0.0107070000 -0.0468030000
-0.0363160000 0.0188220000 -0.0476720000
0.0257170000 0.0269030000 -0.0361540000
-0.0496790000 -0.0100720000 -0.0204350000
-0.0361260000 -0.0272220000 0.0002870000
-0.0079580000 0.0243320000 0.0065760000
0.0173940000 -0.0246020000 0.0066740000
-0.0176420000 -0.0065320000 0.0286780000
-0.0427720000 -0.0093100000 0.0296380000
-0.0185470000 0.0001500000 -0.0465670000
-0.0341280000 -0.0275500000 -0.0291840000
-0.0458060000 -0.0209160000 -0.0393270000
-0.0419290000 0.0210340000 -0.0231540000
-0.0505990000 0.0034850000 -0.0381740000
-0.0069870000 0.0243560000 -0.0110720000
-0.0226690000 -0.0270210000 -0.0040490000
-0.0432300000 -0.0237380000 -0.0140310000
-0.0054900000 0.0001810000 0.0282690000
