-0.0434540000 -0.0243640000 0.0301670000
0.0423420000 0.0168940000 -0.0489870000
0.0457600000 -0.0184120000 0.0329410000
-0.0454440000 0.0166220000 -0.0473450000
-0.0009360000 0.0247940000 0.0053460000
-0.0011240000 -0.0253290000 -0.0322620000
-0.0418350000 0.0247230000 0.0329750000
0.0428790000 -0.0168020000 -0.0150010000
0.0019390000 -0.0255660000 0.0155180000
-0.0463020000 -0.0203340000 -0.0174820000
0.0367270000 0.0273890000 0.0328570000
-0.0014810000 0.0250170000 -0.0404610000
0.0375020000 0.0233850000 -0.0087950000
-0.0402830000 0.0218050000 -0.0074670000
0.0306350000 -0.0213690000 -0.0483090000
-0.0320720000 -0.0256570000 -0.0494790000
-0.0149180000 0.0023570000 0.0286650000
0.0182650000 0.0002840000 0.0286120000
-0.0503680000 0.0015000000 0.0139670000
-0.0265810000 -0.0273800000 0.0046380000
