0.0453680000 0.0011820000 -0.0397520000
-0.0520790000 -0.0145650000 0.0334400000
-0.0410310000 0.0195930000 -0.0476390000
0.0184230000 0.0283300000 0.0331900000
-0.0084190000 -0.0257830000 -0.0137700000
0.0356380000 -0.0267220000 0.0316420000
-0.0270010000 0.0234290000 0.0043380000
0.0043400000 0.0251580000 -0.0321530000
-0.0382520000 -0.0262150000 -0.0486060000
-0.0067880000 -0.0092830000 0.0285830000
0.0449830000 0.0074080000 0.0044050000
-0.0496550000 -0.0109770000 -0.0096550000
0.0133880000 -0.0238890000 -0.0494110000
0.0303010000 -0.0236490000 -0.0139170000
-0.0471750000 0.0208790000 0.0334560000
-0.0133650000 -0.0016100000 -0.0464450000
0.0169690000 0.0257660000 -0.0005810000
-0.0296870000 -0.0276800000 0.0122580000
-0.0136890000 0.0267150000 0.0333750000
0.0302580000 0.0263310000 -0.0488550000
0.0127200000 -0.0249340000 0.0111150000
0.0462970000 0.0162950000 0.0333380000
-0.0460560000 0.0176100000 -0.0179710000
0.0219800000 -0.0006750000 0.0286880000
0.0387410000 0.0224510000 -0.0203610000
0.0144620000 0.0037870000 -0.0466610000
-0.0500490000 -0.0040450000 -0.0363400000
-0.0501800000 0.0092740000 0.0087360000
-0.0221100000 0.0235880000 -0.0282830000
-0.0335760000 -0.0275630000 -0.0225010000
-0.0310180000 0.0005220000 0.0291400000
-0.0137790000 -0.0262180000 -0.0389190000
0.0422530000 -0.0180840000 0.0085130000
0.0361290000 -0.0220620000 -0.0387300000
-0.0061620000 0.0244270000 -0.0092460000
0.0459870000 -0.0053060000 -0.0162690000
-0.0182220000 -0.0296150000 0.0330150000
0.0485730000 -0.0070510000 0.0309050000
-0.0115580000 0.0224040000 -0.0492990000
0.0343010000 0.0250910000 0.0151480000
-0.0016240000 0.0247840000 0.0135900000
0.0062490000 -0.0280400000 0.0331130000
0.0108810000 -0.0244360000 -0.0262920000
-0.0484690000 -0.0160890000 0.0118840000
0.0032260000 0.0101750000 0.0286240000
-0.0085490000 -0.0261740000 0.0081280000
-0.0385860000 -0.0298950000 0.0307540000
-0.0330420000 -0.0065230000 -0.0471350000
-0.0302820000 0.0234740000 0.0237160000
0.0196730000 0.0261880000 -0.0197860000
-0.0506860000 0.0033260000 0.0267670000
-0.0391720000 -0.0261440000 -0.0040660000
0.0115470000 0.0244600000 -0.0495130000
0.0102880000 -0.0247380000 -0.0074620000
0.0297730000 -0.0064740000 -0.0470750000
-0.0148710000 0.0089500000 0.0287690000
0.0380910000 0.0229330000 -0.0023290000
0.0023930000 -0.0098790000 -0.0466150000
0.0419960000 0.0184710000 -0.0378180000
-0.0458400000 -0.0209400000 -0.0332170000
-0.0254540000 0.0110710000 -0.0470410000
0.0204600000 -0.0180760000 0.0311410000
-0.0302700000 0.0232650000 -0.0126640000
0.0291460000 0.0148450000 0.0310110000
-0.0219400000 -0.0269890000 -0.0032300000
0.0156230000 0.0256690000 0.0164830000
-0.0281250000 -0.0163120000 0.0293030000
-0.0490670000 0.0132080000 -0.0340920000
-0.0427170000 0.0205260000 -0.0015100000
0.0287020000 -0.0241690000 0.0164080000
-0.0505120000 0.0017670000 -0.0202290000
0.0023420000 0.0267330000 0.0294900000
0.0449930000 0.0055040000 0.0208570000
0.0299140000 0.0099820000 -0.0473770000
-0.0005210000 0.0104510000 -0.0467330000
0.0202320000 0.0264660000 -0.0359850000
-0.0479280000 -0.0132660000 -0.0495000000
0.0449870000 0.0083230000 -0.0251940000
0.0415460000 -0.0183500000 -0.0242620000
0.0248520000 -0.0241280000 0.0010070000
-0.0022200000 -0.0246980000 -0.0494850000
-0.0060740000 -0.0264700000 0.0236930000
-0.0369360000 0.0228730000 -0.0329620000
-0.0483730000 0.0059370000 -0.0480320000
0.0086470000 -0.0085290000 0.0285350000
0.0441030000 -0.0121640000 -0.0473300000
0.0426050000 -0.0172100000 -0.0071950000
-0.0167330000 0.0239480000 0.0160080000
-0.0246470000 -0.0192820000 -0.0473870000
0.0337920000 -0.0106810000 0.0298120000
-0.0416510000 0.0211440000 0.0138450000
-0.0506390000 0.0079560000 -0.0064460000
0.0447580000 0.0111180000 -0.0101430000
-0.0186190000 -0.0264350000 -0.0246640000
0.0367040000 0.0276810000 0.0320790000
0.0214570000 -0.0240810000 -0.0367670000
-0.0039250000 -0.0253760000 -0.0278600000
-0.0078490000 0.0242510000 -0.0239570000
-0.0296780000 -0.0274910000 -0.0365110000
-0.0500240000 -0.0044050000 0.0034340000
