0.0321710000 0.0166440000 0.0296310000
-0.0473100000 -0.0172290000 -0.0490230000
-0.0532460000 0.0083610000 0.0327650000
0.0382730000 -0.0191360000 -0.0478620000
-0.0040300000 0.0245180000 -0.0239140000
-0.0076630000 -0.0261810000 0.0105400000
0.0391180000 -0.0208600000 0.0005120000
-0.0485170000 0.0141220000 -0.0139620000
0.0416100000 0.0190690000 -0.0220000000
-0.0121360000 0.0243410000 0.0210440000
-0.0048020000 -0.0254690000 -0.0347430000
-0.0416990000 -0.0247630000 -0.0098040000
-0.0408310000 -0.0293140000 0.0322230000
-0.0334060000 0.0220410000 -0.0480240000
0.0219590000 -0.0273630000 0.0330110000
0.0203240000 0.0254890000 -0.0493470000
0.0180920000 0.0257890000 0.0008290000
0.0486400000 -0.0103750000 0.0308950000
0.0036660000 -0.0020420000 0.0283590000
-0.0080220000 0.0032270000 -0.0464300000
-0.0262070000 -0.0035210000 0.0289270000
0.0223950000 -0.0239320000 -0.0234690000
0.0449570000 0.0076640000 0.0047890000
0.0441690000 0.0091290000 -0.0491280000
-0.0391710000 0.0222070000 0.0121970000
-0.0500310000 -0.0041030000 0.0076820000
0.0458870000 -0.0084870000 -0.0232320000
0.0184450000 -0.0013460000 -0.0466850000
-0.0303250000 -0.0274800000 -0.0327060000
-0.0507570000 0.0059470000 -0.0382380000
-0.0251240000 0.0235080000 -0.0096220000
0.0097060000 0.0281120000 0.0330910000
