0.0296820000 0.0268660000 -0.0386820000
-0.0493720000 -0.0215690000 0.0334340000
0.0393440000 -0.0250790000 0.0326220000
-0.0500100000 0.0001410000 -0.0484980000
-0.0029220000 0.0276760000 0.0319340000
-0.0008870000 -0.0252280000 -0.0167940000
-0.0444170000 0.0193330000 0.0004220000
0.0414330000 0.0193740000 0.0093510000
0.0373460000 -0.0207000000 -0.0471940000
-0.0148160000 0.0238940000 -0.0335530000
-0.0049620000 -0.0170480000 0.0288610000
-0.0440810000 -0.0228780000 -0.0108270000
0.0419810000 -0.0181630000 -0.0070710000
-0.0213680000 -0.0255060000 -0.0494910000
0.0071960000 0.0251410000 -0.0036880000
0.0064440000 -0.0022740000 -0.0464150000
-0.0521420000 0.0129210000 0.0335020000
0.0215210000 0.0021100000 0.0286700000
0.0454010000 0.0026720000 -0.0290260000
0.0173220000 -0.0246550000 0.0094910000
-0.0234050000 0.0063010000 0.0290320000
-0.0281680000 -0.0274890000 0.0135230000
-0.0430870000 0.0202910000 -0.0285020000
0.0295350000 0.0288530000 0.0332630000
-0.0179210000 0.0238310000 0.0080480000
-0.0498130000 -0.0060850000 0.0103900000
0.0478660000 0.0071960000 0.0326900000
-0.0223330000 0.0015080000 -0.0466910000
0.0059890000 0.0239450000 -0.0495320000
-0.0443110000 -0.0226290000 -0.0370340000
0.0238150000 -0.0239050000 -0.0249630000
0.0311290000 0.0262780000 -0.0132030000
-0.0504060000 0.0005820000 -0.0150700000
-0.0240630000 -0.0268760000 -0.0240190000
0.0020040000 -0.0253850000 -0.0407990000
0.0458240000 -0.0095810000 0.0151800000
0.0295850000 0.0042810000 -0.0471680000
0.0156830000 -0.0277440000 0.0331340000
-0.0059310000 -0.0259890000 0.0060520000
0.0098520000 0.0255170000 -0.0266830000
