0.0341940000 0.0140950000 0.0311630000
-0.0479020000 -0.0151990000 -0.0492610000
-0.0527000000 0.0120810000 0.0332550000
0.0380160000 -0.0191680000 -0.0479510000
-0.0035710000 0.0244700000 -0.0215830000
-0.0088210000 -0.0263040000 0.0130120000
0.0433240000 0.0159100000 -0.0157300000
-0.0484260000 0.0142960000 -0.0131870000
-0.0056650000 -0.0256000000 -0.0333370000
-0.0095730000 0.0271520000 0.0330330000
0.0352510000 -0.0228740000 0.0057490000
-0.0439430000 -0.0274400000 0.0330270000
-0.0408630000 -0.0252820000 -0.0107840000
0.0247620000 0.0257640000 -0.0494210000
-0.0323680000 0.0218740000 -0.0483050000
0.0128930000 0.0254550000 0.0078670000
0.0174060000 -0.0277310000 0.0330810000
-0.0000870000 0.0036630000 -0.0464190000
-0.0237820000 -0.0021500000 0.0289040000
-0.0231190000 0.0236080000 0.0041690000
0.0472850000 -0.0140920000 0.0331260000
0.0068620000 0.0006920000 0.0281450000
0.0226150000 -0.0238830000 -0.0222530000
-0.0498940000 -0.0053700000 0.0093320000
0.0449180000 0.0075280000 -0.0425020000
0.0453160000 0.0027640000 0.0086280000
0.0454410000 -0.0109520000 -0.0165570000
-0.0224480000 -0.0097430000 -0.0468280000
-0.0507680000 0.0074100000 -0.0376200000
0.0217070000 0.0263390000 -0.0238870000
0.0133440000 -0.0233010000 -0.0495530000
-0.0161300000 -0.0263970000 -0.0106910000
-0.0280450000 0.0235130000 -0.0236210000
-0.0333820000 -0.0275150000 -0.0339840000
0.0117240000 -0.0247850000 -0.0001000000
0.0146180000 0.0285450000 0.0319840000
-0.0326510000 0.0236190000 0.0266030000
-0.0330440000 -0.0276000000 0.0116640000
0.0230410000 -0.0004760000 -0.0468460000
-0.0205720000 -0.0296710000 0.0330280000
0.0362380000 0.0241200000 0.0055910000
-0.0099870000 0.0241740000 -0.0436090000
-0.0464190000 0.0173460000 0.0094810000
-0.0498350000 -0.0072510000 -0.0206330000
0.0266350000 -0.0083960000 0.0289170000
-0.0441870000 -0.0066300000 0.0298340000
-0.0073320000 -0.0138870000 0.0288770000
-0.0058880000 0.0245220000 0.0136270000
0.0088230000 0.0256350000 -0.0384570000
0.0374560000 0.0235570000 -0.0348730000
0.0020400000 -0.0250410000 -0.0161460000
-0.0192510000 0.0083690000 -0.0468140000
-0.0092940000 0.0093420000 0.0288870000
-0.0145850000 -0.0259570000 -0.0491290000
-0.0365600000 0.0016350000 -0.0473480000
0.0458010000 -0.0091160000 -0.0350650000
0.0101230000 0.0253550000 -0.0099180000
0.0203590000 -0.0245740000 0.0155920000
-0.0073600000 0.0244240000 -0.0041300000
0.0344910000 -0.0255570000 0.0285970000
