0.0142850000 0.0064910000 -0.0467240000
-0.0510360000 -0.0177580000 0.0336540000
0.0427000000 -0.0220110000 0.0330770000
-0.0481420000 -0.0170130000 -0.0341220000
-0.0020560000 0.0247840000 0.0156980000
-0.0019080000 -0.0254480000 -0.0055690000
0.0442140000 0.0135650000 -0.0044040000
-0.0469480000 0.0166030000 0.0002920000
-0.0292150000 0.0235180000 -0.0473330000
0.0355880000 -0.0224110000 -0.0247150000
0.0350780000 0.0277290000 0.0332080000
-0.0108420000 -0.0258810000 -0.0484560000
-0.0125040000 -0.0293380000 0.0330290000
-0.0383310000 -0.0265380000 0.0003140000
-0.0341630000 0.0260220000 0.0332880000
-0.0042430000 0.0244880000 -0.0207460000
0.0124410000 -0.0047390000 0.0285230000
0.0449700000 0.0070290000 -0.0361870000
0.0275300000 -0.0240480000 0.0057180000
-0.0184630000 0.0002760000 0.0285870000
0.0255830000 0.0266520000 -0.0239310000
0.0189810000 -0.0229680000 -0.0494070000
-0.0494530000 0.0121340000 -0.0289630000
0.0451210000 0.0040110000 0.0220910000
-0.0235540000 -0.0268440000 -0.0235850000
-0.0274020000 -0.0040690000 -0.0468680000
0.0237760000 0.0262390000 0.0078480000
-0.0504610000 0.0072720000 0.0247330000
0.0320490000 0.0255250000 -0.0492500000
-0.0217890000 0.0236560000 -0.0012720000
-0.0035940000 0.0249020000 -0.0468470000
-0.0499600000 -0.0062980000 -0.0107060000
0.0423850000 -0.0149000000 -0.0476280000
0.0047880000 -0.0247590000 -0.0293250000
0.0454870000 -0.0110860000 -0.0051910000
0.0188310000 -0.0280060000 0.0322390000
-0.0293480000 0.0234720000 -0.0237830000
-0.0333140000 -0.0277690000 0.0228920000
-0.0337570000 -0.0269230000 -0.0490860000
-0.0496540000 0.0005860000 -0.0488520000
0.0122360000 0.0280530000 0.0331820000
0.0027810000 -0.0255600000 0.0167290000
-0.0494650000 -0.0107500000 0.0116140000
-0.0053500000 -0.0045780000 -0.0463940000
-0.0177900000 -0.0267820000 0.0083500000
0.0182130000 -0.0241910000 -0.0130950000
-0.0130900000 0.0265120000 0.0333900000
0.0064080000 0.0250750000 -0.0032000000
0.0267010000 0.0096020000 0.0288940000
0.0443240000 -0.0145400000 0.0146730000
-0.0011630000 0.0098330000 0.0286060000
-0.0347330000 0.0230480000 0.0139910000
0.0149170000 0.0262260000 -0.0401230000
-0.0368220000 -0.0055450000 0.0293840000
0.0407810000 0.0201180000 0.0131120000
-0.0045810000 -0.0127300000 0.0285980000
-0.0417250000 -0.0247830000 -0.0183370000
0.0459260000 -0.0070100000 -0.0237450000
0.0306570000 -0.0084990000 0.0288960000
-0.0161780000 0.0105990000 -0.0468860000
0.0313920000 -0.0000060000 -0.0471330000
0.0420440000 0.0184180000 -0.0221830000
-0.0459200000 0.0176070000 -0.0456960000
0.0318480000 0.0259980000 -0.0076340000
