-0.0215570000 -0.0267050000 -0.0311210000
0.0447100000 0.0203210000 0.0331280000
-0.0417070000 0.0244570000 0.0333760000
0.0408880000 0.0197630000 -0.0483460000
-0.0009630000 -0.0287480000 0.0328980000
-0.0028650000 0.0245810000 -0.0102200000
0.0394560000 -0.0205060000 -0.0072940000
-0.0423350000 0.0203610000 -0.0463780000
-0.0459340000 -0.0211010000 0.0122900000
0.0206370000 -0.0224970000 -0.0493640000
0.0017070000 0.0275270000 0.0333770000
0.0380930000 0.0229760000 -0.0074900000
-0.0474120000 0.0159270000 -0.0060180000
0.0436740000 -0.0206400000 0.0331070000
-0.0039210000 0.0086210000 -0.0466100000
0.0029920000 -0.0252130000 -0.0038180000
