-0.0100420000 0.0242820000 -0.0378100000
0.0444600000 -0.0203220000 0.0329450000
-0.0490640000 -0.0220790000 0.0334040000
-0.0032200000 0.0276730000 0.0318590000
0.0424120000 -0.0170430000 -0.0426970000
-0.0024970000 -0.0255590000 -0.0040480000
-0.0425290000 -0.0242930000 -0.0481090000
0.0394570000 0.0217610000 -0.0031600000
-0.0448010000 0.0190600000 0.0011690000
0.0330700000 0.0258450000 -0.0478400000
0.0005280000 -0.0253240000 -0.0486130000
-0.0457430000 -0.0211000000 -0.0074260000
-0.0486700000 0.0140510000 -0.0388020000
0.0066100000 -0.0103010000 0.0307790000
0.0365810000 -0.0221810000 -0.0049320000
0.0458960000 0.0171190000 0.0333170000
0.0031810000 0.0248960000 -0.0039990000
-0.0294260000 0.0056410000 0.0290970000
-0.0192180000 -0.0271870000 0.0232490000
0.0118440000 0.0033340000 -0.0465890000
-0.0203740000 -0.0032120000 -0.0466250000
-0.0207630000 -0.0266180000 -0.0276510000
0.0449920000 0.0079750000 -0.0282040000
0.0225580000 0.0262000000 0.0197200000
0.0166090000 -0.0241790000 -0.0251950000
0.0455810000 -0.0012990000 0.0117150000
-0.0197720000 0.0237940000 0.0105410000
0.0219790000 0.0263740000 -0.0232870000
-0.0499310000 -0.0042100000 0.0134440000
-0.0309790000 0.0234270000 -0.0212730000
0.0238000000 -0.0245050000 0.0177110000
-0.0505380000 0.0017690000 -0.0168790000
-0.0526500000 0.0126640000 0.0330540000
0.0282270000 0.0009380000 0.0288730000
-0.0248680000 -0.0272830000 0.0008480000
-0.0299660000 0.0224850000 -0.0489820000
0.0103500000 0.0258220000 -0.0479740000
0.0341630000 0.0034050000 -0.0473390000
0.0208370000 -0.0171200000 -0.0473560000
-0.0355170000 0.0264220000 0.0320680000
-0.0075330000 0.0061700000 0.0284790000
-0.0484010000 -0.0162540000 -0.0288510000
-0.0210740000 -0.0256050000 -0.0494800000
0.0457700000 -0.0033140000 -0.0097320000
0.0014220000 -0.0256420000 0.0168390000
-0.0419430000 -0.0247510000 0.0131880000
-0.0481590000 -0.0040780000 -0.0493360000
0.0115020000 0.0120890000 0.0286000000
-0.0110660000 0.0241780000 -0.0179720000
0.0171110000 -0.0244670000 -0.0012950000
0.0360320000 -0.0222180000 -0.0248120000
-0.0319730000 -0.0135840000 0.0293260000
0.0481110000 -0.0016570000 0.0306320000
0.0131310000 -0.0280080000 0.0330320000
-0.0019080000 -0.0252100000 -0.0294150000
0.0404070000 0.0205050000 0.0156740000
0.0214650000 0.0261200000 0.0000330000
0.0043590000 0.0250870000 0.0146950000
0.0412290000 -0.0194110000 0.0133790000
-0.0059560000 0.0082800000 -0.0466150000
-0.0114910000 -0.0116220000 0.0287160000
0.0044370000 0.0251460000 -0.0272490000
-0.0189350000 0.0200250000 0.0294830000
-0.0045550000 -0.0284850000 0.0331740000
-0.0527830000 -0.0049280000 0.0323710000
-0.0445420000 0.0191750000 0.0186730000
0.0374200000 0.0235540000 -0.0308640000
-0.0339340000 -0.0306910000 0.0319570000
-0.0371190000 -0.0269430000 -0.0213960000
-0.0015850000 -0.0083760000 -0.0465170000
-0.0290140000 0.0232360000 -0.0040720000
0.0329870000 0.0282680000 0.0331190000
-0.0348730000 0.0063460000 -0.0472700000
0.0458470000 -0.0089060000 -0.0277750000
0.0284460000 -0.0156450000 0.0310110000
-0.0464690000 0.0171550000 -0.0216730000
0.0131960000 0.0280320000 0.0332120000
-0.0506730000 0.0039280000 -0.0007740000
-0.0502800000 -0.0009200000 -0.0336060000
-0.0161040000 -0.0263580000 -0.0122500000
