-0.0266270000 -0.0096310000 -0.0112760000
0.0714910000 0.0764090000 -0.0111850000
-0.0104570000 -0.1012380000 -0.0014670000
0.0027010000 0.0558650000 0.0146640000
-0.0111570000 -0.0517260000 0.0158430000
0.0117480000 0.0106370000 0.0063030000
0.0365710000 0.0507030000 -0.0118990000
-0.0204820000 0.0294290000 0.0007790000
-0.0207040000 -0.0685170000 -0.0159880000
-0.0085020000 -0.0161990000 0.0188150000
-0.0018990000 -0.0323840000 -0.0100310000
0.0045090000 0.0431820000 -0.0162460000
-0.0342210000 -0.0408470000 -0.0047590000
0.0291500000 0.0739200000 0.0093260000
0.0242750000 0.0366380000 0.0107770000
0.0001710000 -0.0747590000 0.0026920000
-0.0066760000 0.0105340000 -0.0157570000
-0.0256660000 0.0046380000 0.0123960000
-0.0257740000 -0.0734740000 0.0098300000
-0.0014850000 0.0297670000 0.0194460000
0.0461960000 0.0743920000 -0.0095240000
0.0151690000 0.0652820000 -0.0100870000
-0.0318800000 -0.0210200000 0.0106190000
0.0035320000 -0.0091570000 -0.0055330000
-0.0021290000 -0.0556940000 -0.0104560000
0.0172200000 0.0266920000 -0.0081570000
-0.0049910000 0.0054220000 0.0195000000
0.0372280000 0.0539730000 0.0093900000
-0.0094960000 0.0477100000 -0.0007650000
-0.0215280000 -0.0293530000 -0.0165700000
-0.0243020000 -0.0866450000 -0.0064340000
-0.0017540000 -0.0339540000 0.0106690000
-0.0283450000 -0.0406700000 0.0148480000
-0.0243880000 0.0100950000 -0.0066830000
-0.0332670000 -0.0603660000 -0.0027580000
-0.0197120000 -0.0489040000 -0.0167340000
-0.0092500000 0.0298050000 -0.0147860000
-0.0059560000 -0.0855560000 -0.0118800000
-0.0124560000 -0.0864430000 0.0093190000
-0.0170560000 0.0204330000 0.0164440000
0.0207130000 0.0590460000 0.0162560000
-0.0102440000 -0.0155470000 -0.0148400000
0.0315430000 0.0671800000 -0.0156310000
0.0216130000 0.0423120000 -0.0136270000
0.0480760000 0.0592010000 -0.0024620000
0.0034800000 -0.0068820000 0.0110950000
0.0015300000 0.0602890000 -0.0017330000
0.0103730000 0.0414760000 0.0189180000
-0.0278850000 -0.0572380000 0.0127930000
-0.0105590000 -0.0682030000 0.0136220000
0.0594340000 0.0651680000 -0.0129780000
-0.0328890000 -0.0242180000 -0.0055260000
0.0136820000 0.0246300000 0.0147720000
0.0001880000 -0.0489570000 0.0043250000
0.0085400000 0.0128640000 -0.0096130000
0.0133290000 0.0692010000 0.0057500000
-0.0160290000 -0.0307610000 0.0181340000
-0.0127400000 0.0380280000 0.0116030000
-0.0320650000 -0.0067910000 0.0035320000
-0.0231210000 -0.0099090000 0.0172580000
0.0029200000 -0.0206810000 0.0045130000
-0.0053410000 -0.0703720000 -0.0135190000
0.0311240000 0.0407030000 -0.0020250000
0.0431780000 0.0712610000 0.0048640000
-0.0151030000 -0.0017270000 -0.0160870000
0.0251420000 0.0745570000 -0.0046980000
0.0046600000 0.0264730000 -0.0150100000
-0.0015980000 -0.0903010000 0.0009210000
-0.0295610000 -0.0736220000 -0.0058560000
0.0232090000 0.0558410000 -0.0167060000
