0.0492760000 0.0629800000 0.0008760000
-0.0153150000 -0.1011000000 -0.0029870000
-0.0306990000 -0.0003820000 0.0032140000
-0.0070060000 0.0518680000 0.0010660000
0.0002910000 -0.0474210000 0.0040780000
0.0124050000 0.0116700000 0.0050800000
-0.0323250000 -0.0666510000 -0.0025470000
-0.0274770000 -0.0323940000 -0.0144260000
0.0244410000 0.0409840000 -0.0118860000
-0.0130360000 0.0224010000 -0.0145560000
-0.0037770000 -0.0161780000 0.0161890000
0.0189580000 0.0684890000 0.0129570000
-0.0137820000 0.0252020000 0.0172150000
-0.0035470000 -0.0737480000 -0.0122480000
-0.0057130000 -0.0079590000 -0.0136850000
-0.0264250000 -0.0375160000 0.0159360000
