-0.0222330000 -0.0891930000 0.0034970000
0.0713650000 0.0765200000 -0.0115140000
-0.0237990000 0.0216480000 0.0030830000
0.0157120000 0.0675450000 0.0125460000
-0.0013830000 -0.0335110000 -0.0091410000
0.0180800000 0.0291630000 -0.0094600000
-0.0314360000 -0.0508590000 0.0109750000
-0.0212640000 -0.0140790000 0.0179170000
0.0386570000 0.0594290000 -0.0152160000
0.0074600000 -0.0016150000 0.0026860000
0.0017780000 0.0372590000 0.0191360000
-0.0215090000 -0.0067590000 -0.0152540000
-0.0162170000 -0.0627010000 -0.0165090000
-0.0018540000 0.0521790000 -0.0072530000
-0.0057600000 -0.0657070000 0.0109060000
-0.0299290000 -0.0338540000 -0.0119560000
0.0322670000 0.0454610000 0.0081850000
-0.0047500000 0.0149700000 -0.0157070000
-0.0085550000 -0.0378750000 0.0161540000
-0.0062510000 0.0123580000 0.0196360000
0.0392490000 0.0747410000 0.0053130000
-0.0011790000 -0.0815150000 -0.0084930000
0.0166680000 0.0659150000 -0.0104780000
0.0139310000 0.0191950000 0.0107900000
-0.0318910000 -0.0693540000 -0.0016420000
-0.0304110000 0.0005190000 0.0038100000
-0.0334000000 -0.0295720000 0.0088210000
-0.0008280000 -0.0182410000 0.0129730000
-0.0141670000 0.0405090000 0.0053760000
-0.0005060000 -0.0540650000 -0.0056430000
0.0552830000 0.0656810000 -0.0042930000
-0.0020980000 -0.0130320000 -0.0115180000
-0.0110220000 -0.0991560000 -0.0102460000
-0.0000800000 0.0344680000 -0.0162620000
0.0222640000 0.0475710000 -0.0153220000
0.0002230000 0.0555720000 0.0121930000
-0.0194090000 -0.0812190000 -0.0137450000
-0.0305960000 -0.0524970000 -0.0100820000
0.0167430000 0.0488760000 0.0179770000
-0.0150820000 -0.0441890000 -0.0162420000
-0.0325080000 -0.0162310000 -0.0038130000
-0.0156780000 -0.0239000000 -0.0160150000
0.0104910000 0.0133170000 -0.0067610000
-0.0214850000 0.0104200000 -0.0104540000
-0.0063220000 -0.0830510000 0.0082520000
-0.0212960000 -0.0735210000 0.0116670000
-0.0140220000 0.0273930000 0.0165630000
-0.0147120000 0.0279740000 -0.0101610000
0.0433230000 0.0581720000 0.0056280000
-0.0205820000 0.0031020000 0.0173700000
