-0.0322380000 -0.0267760000 -0.0074750000
0.0714910000 0.0764090000 -0.0111850000
-0.0042460000 0.0495990000 0.0129810000
-0.0079750000 -0.1006330000 -0.0010010000
0.0082660000 0.0008030000 0.0061780000
0.0343970000 0.0490900000 -0.0120450000
-0.0006170000 -0.0564130000 0.0059250000
-0.0245600000 0.0196090000 0.0002890000
-0.0301900000 -0.0730900000 -0.0046490000
0.0058050000 0.0288660000 -0.0151170000
0.0227620000 0.0708450000 0.0116930000
-0.0099180000 -0.0254650000 0.0183820000
-0.0127430000 -0.0042940000 -0.0158880000
0.0216530000 0.0329530000 0.0111060000
-0.0291820000 -0.0486950000 0.0135390000
-0.0021060000 -0.0314970000 -0.0102830000
0.0073900000 0.0576220000 -0.0115730000
0.0433800000 0.0754740000 -0.0072760000
-0.0043100000 0.0222490000 0.0196350000
-0.0288420000 -0.0057940000 0.0116900000
-0.0209300000 -0.0503220000 -0.0167420000
-0.0043150000 -0.0760760000 -0.0124800000
-0.0115490000 -0.0786830000 0.0117110000
-0.0127470000 0.0385680000 -0.0053330000
0.0415880000 0.0581470000 0.0077780000
-0.0091900000 0.0006990000 0.0194790000
-0.0304610000 -0.0275300000 0.0136600000
-0.0113930000 0.0168790000 -0.0160190000
0.0159610000 0.0519120000 0.0178270000
0.0231940000 0.0708900000 -0.0090160000
0.0032870000 -0.0187250000 0.0044450000
0.0151040000 0.0182730000 -0.0007600000
-0.0195790000 -0.0884020000 -0.0109480000
0.0228470000 0.0341950000 -0.0083230000
-0.0107540000 -0.0444950000 0.0166950000
-0.0291540000 -0.0080070000 -0.0071460000
0.0032180000 0.0057690000 -0.0113430000
0.0059560000 0.0641660000 0.0060760000
-0.0342190000 -0.0452970000 -0.0043440000
-0.0041310000 -0.0573570000 -0.0124980000
0.0574380000 0.0644560000 -0.0122070000
-0.0252090000 -0.0664370000 0.0119380000
-0.0168530000 -0.0224520000 -0.0161690000
-0.0162410000 0.0321130000 0.0109160000
0.0061700000 0.0365580000 0.0193130000
0.0004970000 -0.0358190000 0.0064960000
-0.0195630000 0.0142730000 0.0161390000
-0.0187850000 -0.0673920000 -0.0163070000
0.0330370000 0.0437530000 0.0041280000
-0.0006000000 -0.0856440000 0.0008610000
-0.0012720000 -0.0149630000 -0.0108820000
0.0113350000 0.0207790000 0.0150230000
-0.0229740000 0.0070040000 -0.0099660000
-0.0006040000 0.0437220000 -0.0150540000
-0.0196290000 -0.0909670000 0.0051100000
0.0358580000 0.0644780000 -0.0161840000
0.0189650000 0.0477480000 -0.0160140000
-0.0048270000 0.0527040000 -0.0025250000
0.0377960000 0.0735320000 0.0073520000
-0.0335540000 -0.0592740000 0.0015390000
0.0007890000 -0.0706090000 0.0006400000
-0.0121090000 -0.0598400000 0.0151070000
-0.0172090000 -0.0122200000 0.0186400000
0.0460990000 0.0565320000 -0.0064610000
-0.0239380000 -0.0355610000 -0.0164240000
0.0029080000 0.0089630000 0.0175660000
-0.0003460000 -0.0455680000 -0.0045180000
-0.0339290000 -0.0169410000 0.0035310000
-0.0027530000 -0.0123710000 0.0162000000
-0.0290540000 0.0060020000 0.0032240000
0.0287860000 0.0578840000 0.0146090000
-0.0057580000 -0.0909390000 -0.0111660000
-0.0095620000 -0.0424070000 -0.0147090000
-0.0077840000 0.0305410000 -0.0154010000
-0.0259210000 -0.0790240000 0.0067330000
-0.0287460000 -0.0598320000 -0.0111880000
0.0512430000 0.0672020000 -0.0000790000
-0.0198340000 -0.0346820000 0.0175970000
-0.0353470000 -0.0343470000 0.0032920000
0.0229300000 0.0601630000 -0.0165010000
0.0047490000 -0.0053840000 -0.0046300000
-0.0066300000 0.0374400000 0.0175390000
-0.0173700000 0.0267240000 -0.0075720000
0.0154090000 0.0711680000 0.0011860000
0.0257610000 0.0444660000 0.0143750000
0.0083270000 0.0171890000 -0.0112020000
-0.0123180000 0.0430160000 0.0063110000
0.0604590000 0.0745610000 -0.0059490000
-0.0211480000 0.0019620000 0.0172580000
0.0273890000 0.0758130000 0.0013420000
0.0052130000 0.0568470000 0.0156320000
-0.0054250000 -0.0685430000 0.0104040000
0.0103900000 0.0397010000 -0.0158560000
-0.0217900000 -0.0118910000 -0.0157140000
-0.0153160000 -0.0783510000 -0.0151050000
-0.0185970000 -0.0980200000 -0.0046610000
0.0147940000 0.0631910000 0.0152910000
0.0116820000 0.0116300000 0.0079380000
-0.0083170000 -0.0918920000 0.0066490000
-0.0273570000 -0.0166610000 0.0157290000
-0.0075960000 0.0060930000 -0.0156130000
0.0686190000 0.0657330000 -0.0138360000
0.0214970000 0.0278380000 0.0010010000
0.0018460000 -0.0020650000 0.0150340000
0.0156160000 0.0256540000 -0.0094060000
0.0466120000 0.0674370000 -0.0144080000
0.0098910000 0.0082600000 -0.0026740000
-0.0266010000 -0.0836480000 -0.0034420000
-0.0086570000 0.0119440000 0.0195180000
-0.0022200000 -0.0460740000 0.0095490000
-0.0012310000 -0.0261930000 0.0115300000
0.0162250000 0.0406220000 0.0182620000
-0.0023700000 -0.0037560000 -0.0127030000
-0.0011410000 0.0203640000 -0.0154880000
0.0136620000 0.0659020000 -0.0081810000
-0.0188360000 -0.0515160000 0.0159610000
-0.0116810000 -0.0317690000 -0.0152210000
0.0016440000 -0.0280340000 -0.0007230000
-0.0314930000 -0.0381130000 0.0125060000
-0.0063960000 -0.0349230000 0.0149500000
0.0392440000 0.0493920000 -0.0024080000
0.0335140000 0.0734100000 -0.0106420000
0.0304050000 0.0412380000 -0.0059770000
-0.0209880000 0.0227410000 0.0100030000
0.0002350000 -0.0609580000 -0.0036080000
-0.0203390000 -0.0241750000 0.0177530000
-0.0287420000 -0.0443900000 -0.0131810000
-0.0188830000 0.0327350000 0.0008470000
