0.0024760000 0.0614780000 -0.0011130000
-0.0143970000 -0.1013910000 -0.0021360000
-0.0339950000 -0.0170780000 0.0033170000
0.0727040000 0.0716220000 -0.0130770000
0.0115380000 0.0097200000 0.0052220000
0.0004330000 -0.0535610000 0.0013600000
0.0413100000 0.0595280000 0.0087730000
-0.0199570000 0.0307090000 0.0014510000
-0.0317980000 -0.0696740000 -0.0017580000
-0.0011950000 -0.0199850000 -0.0103340000
0.0240990000 0.0372200000 -0.0100680000
-0.0250050000 -0.0413050000 -0.0161480000
0.0111330000 0.0383490000 0.0189410000
-0.0165250000 0.0043250000 0.0185690000
-0.0256100000 -0.0444260000 0.0156240000
-0.0196120000 0.0043420000 -0.0145620000
0.0272070000 0.0655530000 -0.0156900000
-0.0073030000 -0.0225680000 0.0174660000
-0.0066590000 -0.0765570000 -0.0135000000
0.0005490000 0.0238880000 -0.0155240000
-0.0102710000 -0.0748950000 0.0123940000
0.0488050000 0.0743710000 -0.0090130000
0.0219130000 0.0732400000 0.0062510000
-0.0070210000 0.0250040000 0.0191020000
-0.0227360000 -0.0183590000 -0.0159700000
0.0045010000 0.0455440000 -0.0160680000
-0.0078210000 0.0462450000 0.0112770000
0.0014430000 0.0012640000 -0.0115020000
0.0292110000 0.0425340000 0.0094820000
-0.0110660000 -0.0565420000 -0.0156530000
0.0047940000 -0.0096600000 0.0068570000
-0.0298620000 0.0031440000 0.0030350000
0.0120520000 0.0587870000 0.0165880000
0.0388870000 0.0506510000 -0.0090070000
-0.0356920000 -0.0368990000 0.0001990000
0.0012660000 -0.0339210000 0.0037790000
-0.0231380000 -0.0853830000 -0.0088870000
-0.0010620000 -0.0878610000 0.0009790000
-0.0063290000 -0.0382360000 -0.0131130000
0.0202030000 0.0264280000 0.0057880000
-0.0115790000 -0.0566100000 0.0153720000
-0.0230800000 -0.0127570000 0.0173880000
0.0004700000 0.0091080000 0.0189850000
-0.0096900000 0.0427000000 -0.0061710000
-0.0329220000 -0.0529120000 -0.0059030000
-0.0159670000 0.0208870000 -0.0123490000
-0.0090710000 -0.0397640000 0.0162620000
-0.0275870000 -0.0608720000 0.0122530000
0.0008050000 -0.0706740000 0.0004130000
-0.0218560000 -0.0694410000 -0.0154130000
0.0386200000 0.0755390000 0.0042860000
-0.0292820000 -0.0282290000 0.0148920000
-0.0189590000 -0.0878600000 0.0069040000
-0.0233620000 0.0167540000 0.0097740000
0.0195190000 0.0513010000 -0.0165190000
0.0094680000 0.0224670000 0.0172560000
0.0135210000 0.0197480000 -0.0072130000
-0.0053400000 -0.0069790000 0.0187460000
-0.0104020000 -0.0082700000 -0.0151930000
0.0273930000 0.0569650000 0.0150950000
0.0152600000 0.0682920000 -0.0066030000
-0.0079630000 -0.0917160000 -0.0120540000
-0.0288930000 -0.0076100000 -0.0074250000
0.0493480000 0.0601640000 -0.0040320000
0.0615340000 0.0685530000 -0.0039800000
-0.0249350000 -0.0750260000 0.0097980000
0.0413780000 0.0636900000 -0.0153720000
-0.0305280000 -0.0292240000 -0.0106490000
0.0112570000 0.0331000000 -0.0143400000
-0.0247670000 0.0141900000 -0.0038510000
0.0287690000 0.0754280000 -0.0056760000
-0.0062800000 0.0117750000 -0.0157670000
-0.0119360000 -0.0262720000 -0.0152050000
-0.0244040000 -0.0563130000 -0.0157500000
0.0088990000 0.0580630000 -0.0124420000
-0.0139150000 0.0345980000 0.0125890000
0.0034610000 0.0489260000 0.0177300000
-0.0335200000 -0.0502150000 0.0069170000
-0.0018840000 -0.0645380000 -0.0109550000
-0.0021940000 0.0371520000 0.0185990000
-0.0094560000 0.0319780000 -0.0136330000
0.0105750000 0.0671230000 0.0069740000
0.0028440000 -0.0214600000 0.0017230000
-0.0172400000 -0.0301970000 0.0180700000
0.0191660000 0.0478680000 0.0176540000
0.0319250000 0.0681990000 0.0118550000
-0.0061950000 0.0527190000 0.0004650000
0.0034450000 -0.0095510000 -0.0055260000
-0.0023030000 -0.0496830000 -0.0102190000
0.0376280000 0.0489470000 0.0031460000
-0.0033040000 -0.0631400000 0.0091100000
-0.0262930000 -0.0014530000 0.0137450000
0.0015630000 0.0582330000 0.0103310000
0.0058360000 0.0012300000 0.0115830000
0.0049260000 0.0128550000 -0.0119430000
0.0610760000 0.0711590000 -0.0155140000
-0.0148600000 0.0162510000 0.0181490000
-0.0013770000 -0.0444200000 0.0085620000
0.0075540000 0.0005250000 -0.0009630000
0.0209300000 0.0351230000 0.0135210000
