-0.0271940000 -0.0266140000 0.0160130000
0.0714170000 0.0764360000 -0.0117280000
-0.0067060000 0.0522630000 0.0010060000
-0.0096930000 -0.1001760000 -0.0072710000
0.0058180000 0.0036690000 -0.0087710000
-0.0028160000 -0.0546830000 -0.0113380000
0.0371660000 0.0574800000 0.0112470000
-0.0176670000 0.0193950000 0.0162640000
-0.0279390000 -0.0725820000 0.0080970000
0.0164310000 0.0286020000 0.0142510000
-0.0148580000 -0.0228320000 -0.0158680000
0.0211610000 0.0440930000 -0.0144320000
-0.0327900000 -0.0463330000 -0.0072660000
-0.0036720000 -0.0075010000 0.0178030000
-0.0306780000 -0.0016540000 -0.0011750000
-0.0132310000 0.0264660000 -0.0125990000
0.0433010000 0.0693240000 -0.0146950000
0.0155190000 0.0705690000 -0.0032310000
-0.0109650000 -0.0506200000 0.0159220000
-0.0010050000 -0.0769890000 0.0044480000
0.0015960000 -0.0301400000 0.0040420000
-0.0176460000 -0.0758440000 -0.0154440000
0.0126670000 0.0537250000 0.0177450000
-0.0039570000 0.0377150000 0.0181990000
0.0091160000 0.0253890000 -0.0131190000
-0.0153380000 0.0045650000 -0.0159950000
-0.0333400000 -0.0246670000 -0.0047120000
0.0027360000 0.0128900000 0.0186610000
0.0344970000 0.0764050000 0.0027300000
0.0300100000 0.0397440000 0.0037030000
-0.0304600000 -0.0463190000 0.0129380000
0.0007750000 0.0437200000 -0.0155920000
