0.0175060000 0.0486930000 -0.0163580000
-0.0143230000 -0.1013880000 -0.0016030000
-0.0302340000 -0.0174870000 0.0126990000
0.0721840000 0.0750600000 -0.0076780000
-0.0028980000 -0.0529280000 -0.0112630000
-0.0122590000 0.0282650000 0.0173240000
0.0034410000 -0.0018130000 -0.0094940000
0.0357660000 0.0740800000 0.0078640000
-0.0287900000 -0.0694060000 0.0085830000
0.0056680000 0.0580520000 0.0151530000
0.0186680000 0.0238200000 0.0057850000
-0.0086040000 0.0283430000 -0.0155130000
0.0001370000 -0.0280430000 0.0091750000
-0.0192930000 -0.0256560000 -0.0164500000
-0.0276820000 0.0094610000 -0.0011230000
-0.0058610000 -0.0007220000 0.0192890000
-0.0354920000 -0.0427930000 -0.0000260000
-0.0012480000 -0.0765080000 0.0049910000
0.0438790000 0.0566540000 -0.0121390000
0.0311880000 0.0474220000 0.0111300000
-0.0183570000 -0.0746130000 -0.0155440000
-0.0096820000 -0.0520520000 0.0150980000
-0.0107320000 0.0466730000 0.0008750000
0.0150450000 0.0697060000 -0.0043290000
-0.0176100000 -0.0033910000 -0.0160190000
-0.0244540000 -0.0531510000 -0.0159900000
0.0075750000 0.0369270000 0.0192440000
-0.0241710000 -0.0370160000 0.0166570000
0.0120090000 0.0290870000 -0.0129350000
0.0520230000 0.0738060000 -0.0044650000
