-0.0060910000 0.0360700000 0.0179390000
-0.0144580000 -0.1011930000 -0.0040560000
0.0713620000 0.0761090000 -0.0124900000
-0.0281300000 -0.0282050000 -0.0134740000
0.0215250000 0.0637900000 -0.0152880000
-0.0102240000 -0.0596300000 0.0145000000
0.0060460000 -0.0059060000 0.0061270000
-0.0135830000 0.0188240000 -0.0151910000
0.0200000000 0.0288780000 -0.0060520000
-0.0289930000 -0.0012250000 0.0096340000
-0.0212530000 -0.0701180000 -0.0155550000
0.0225380000 0.0536380000 0.0166730000
-0.0136990000 -0.0280850000 0.0183780000
0.0454400000 0.0698470000 0.0034230000
-0.0007650000 -0.0396420000 -0.0066160000
-0.0032950000 0.0475580000 -0.0098800000
-0.0345600000 -0.0516760000 0.0017480000
0.0004040000 -0.0786170000 -0.0015620000
-0.0102840000 -0.0080740000 -0.0151740000
-0.0241500000 -0.0802440000 0.0078890000
-0.0083340000 0.0105620000 0.0195780000
0.0370470000 0.0472420000 -0.0036450000
0.0064210000 0.0650420000 0.0032880000
0.0120510000 0.0213640000 0.0146180000
-0.0224830000 0.0232170000 0.0059420000
0.0069460000 0.0102490000 -0.0100080000
-0.0333370000 -0.0236980000 0.0080790000
-0.0185650000 -0.0480340000 -0.0166710000
0.0251250000 0.0732460000 0.0088770000
-0.0024280000 -0.0602310000 -0.0113730000
0.0417070000 0.0632590000 -0.0152360000
0.0017400000 -0.0251590000 0.0065310000
0.0029310000 0.0298120000 -0.0157770000
-0.0247600000 0.0036980000 -0.0089710000
-0.0087000000 -0.0090770000 0.0191170000
0.0152100000 0.0451930000 -0.0160410000
-0.0233750000 -0.0449790000 0.0162010000
0.0037240000 0.0521350000 0.0169190000
0.0234780000 0.0357900000 0.0111130000
-0.0035900000 -0.0424310000 0.0115700000
-0.0151930000 0.0397870000 0.0021100000
-0.0115110000 -0.0858020000 -0.0137320000
-0.0100990000 -0.0263260000 -0.0146170000
-0.0310160000 -0.0125420000 -0.0054770000
0.0581040000 0.0652590000 -0.0081020000
0.0319950000 0.0755010000 -0.0071820000
-0.0093750000 -0.0894100000 0.0078640000
-0.0320500000 -0.0684520000 -0.0021070000
-0.0266800000 -0.0619160000 0.0124490000
0.0377820000 0.0565430000 0.0104300000
0.0017170000 -0.0157650000 -0.0070180000
-0.0236970000 -0.0143890000 0.0172150000
0.0098240000 0.0375770000 0.0190800000
-0.0352630000 -0.0361120000 -0.0017630000
0.0002580000 -0.0555290000 0.0035280000
0.0112030000 0.0088570000 0.0049960000
-0.0061190000 0.0522770000 0.0047890000
-0.0256370000 -0.0825840000 -0.0074100000
0.0075170000 0.0585010000 -0.0108630000
-0.0076420000 -0.0744030000 0.0110850000
-0.0111360000 0.0334000000 -0.0111120000
-0.0018230000 -0.0931800000 -0.0045750000
-0.0290060000 -0.0572200000 -0.0113860000
-0.0062190000 0.0060120000 -0.0153140000
-0.0221720000 0.0112210000 0.0143100000
0.0176090000 0.0715790000 -0.0035420000
0.0290830000 0.0514630000 -0.0150330000
-0.0137920000 0.0237730000 0.0175090000
0.0469630000 0.0575390000 -0.0034370000
-0.0221020000 -0.0158280000 -0.0159380000
0.0149870000 0.0651710000 0.0143340000
0.0033710000 0.0039350000 0.0156410000
0.0477460000 0.0743010000 -0.0096090000
-0.0050250000 -0.0736770000 -0.0131090000
-0.0003320000 0.0236390000 0.0197470000
-0.0276950000 0.0111020000 0.0018690000
0.0025910000 -0.0026990000 -0.0100130000
-0.0265580000 -0.0319810000 0.0161610000
-0.0301920000 -0.0437070000 -0.0114740000
0.0273870000 0.0397320000 -0.0088870000
-0.0216900000 -0.0916500000 0.0017370000
-0.0190550000 -0.0010870000 0.0181420000
0.0320580000 0.0450450000 0.0080580000
0.0167110000 0.0200890000 0.0026790000
-0.0139930000 -0.0598200000 -0.0163050000
-0.0191700000 0.0251890000 -0.0059820000
-0.0064340000 -0.0485770000 -0.0134640000
-0.0183320000 -0.0355490000 -0.0165980000
-0.0331740000 -0.0411410000 0.0095200000
0.0111040000 0.0219070000 -0.0110320000
