-0.0340970000 -0.0481920000 -0.0041050000
0.0713650000 0.0765200000 -0.0115140000
-0.0120240000 0.0411590000 0.0097270000
-0.0056780000 -0.0996790000 -0.0015170000
0.0049420000 -0.0107480000 0.0048280000
0.0268610000 0.0724950000 0.0107410000
0.0240180000 0.0368040000 -0.0097900000
-0.0285980000 0.0076540000 0.0002550000
0.0004400000 -0.0624230000 0.0030740000
-0.0251180000 -0.0225010000 0.0167850000
-0.0195430000 -0.0203190000 -0.0163060000
-0.0006340000 0.0157060000 -0.0149030000
0.0107450000 0.0192660000 0.0148300000
0.0431830000 0.0618910000 -0.0145660000
-0.0273920000 -0.0777110000 0.0053970000
0.0050620000 0.0601190000 -0.0066650000
0.0147350000 0.0474890000 0.0182970000
-0.0000030000 -0.0359720000 -0.0048340000
-0.0177300000 -0.0654860000 -0.0164400000
-0.0174740000 -0.0480870000 0.0165920000
-0.0108110000 0.0047290000 0.0194720000
0.0370610000 0.0503310000 0.0064570000
-0.0054180000 0.0393280000 -0.0135710000
-0.0022390000 -0.0798430000 -0.0103240000
-0.0170080000 -0.0429360000 -0.0165040000
-0.0332070000 -0.0134830000 -0.0010690000
-0.0162330000 0.0010020000 -0.0160020000
-0.0043480000 -0.0275370000 0.0144110000
-0.0197120000 0.0266540000 -0.0040520000
0.0238450000 0.0699290000 -0.0105360000
-0.0074470000 -0.0808510000 0.0094820000
0.0448370000 0.0739700000 0.0016120000
-0.0203390000 -0.0887160000 -0.0101280000
-0.0174140000 0.0227940000 0.0151370000
0.0150590000 0.0203010000 -0.0042810000
0.0229220000 0.0327670000 0.0089790000
0.0093440000 0.0643110000 0.0114060000
-0.0030180000 -0.0121260000 -0.0120680000
-0.0351740000 -0.0313650000 0.0038330000
-0.0303630000 -0.0599850000 0.0100670000
-0.0263640000 -0.0041450000 0.0144320000
0.0189610000 0.0531470000 -0.0166240000
0.0019810000 0.0345620000 0.0193340000
-0.0039990000 -0.0545100000 -0.0122530000
0.0075890000 0.0038740000 -0.0046980000
-0.0136510000 -0.0651580000 0.0144430000
0.0582290000 0.0659430000 -0.0065500000
-0.0018420000 -0.0461850000 0.0090210000
-0.0109540000 -0.0124060000 0.0190500000
-0.0312030000 -0.0653800000 -0.0060400000
-0.0298270000 -0.0329080000 -0.0120260000
0.0049040000 0.0035530000 0.0138910000
-0.0034450000 0.0548250000 0.0063620000
0.0092040000 0.0316630000 -0.0146800000
0.0356000000 0.0480940000 -0.0096040000
-0.0182180000 -0.0922490000 0.0053400000
0.0264460000 0.0576040000 0.0152980000
-0.0317850000 -0.0444540000 0.0115380000
-0.0158710000 0.0162240000 -0.0143650000
-0.0035430000 0.0183420000 0.0197260000
0.0469150000 0.0584500000 -0.0007700000
-0.0094940000 -0.0307610000 -0.0144140000
-0.0261430000 -0.0539320000 -0.0147680000
-0.0233110000 0.0098340000 0.0134170000
0.0052420000 0.0486290000 -0.0157460000
0.0385690000 0.0643090000 0.0100640000
-0.0165450000 -0.0338980000 0.0179800000
0.0160260000 0.0714830000 0.0012090000
0.0374560000 0.0742160000 -0.0104250000
0.0019460000 -0.0220400000 -0.0030850000
-0.0257750000 -0.0085660000 -0.0119800000
-0.0026950000 0.0018260000 -0.0136050000
0.0010650000 0.0481150000 0.0173590000
-0.0094720000 0.0463770000 -0.0025860000
-0.0246380000 -0.0759880000 -0.0114790000
0.0270790000 0.0445440000 0.0132670000
0.0303310000 0.0599270000 -0.0166650000
-0.0076950000 -0.0918910000 -0.0119190000
0.0307380000 0.0401130000 0.0011880000
-0.0079280000 0.0265510000 -0.0158940000
