-0.0216860000 -0.0921600000 0.0010520000
0.0713650000 0.0765200000 -0.0115140000
-0.0243050000 0.0199680000 0.0038710000
0.0147810000 0.0673830000 0.0121070000
-0.0016170000 -0.0353000000 -0.0093500000
0.0175040000 0.0283000000 -0.0093690000
-0.0308110000 -0.0541980000 0.0110510000
-0.0225790000 -0.0164840000 0.0175830000
0.0390080000 0.0583930000 -0.0147690000
0.0070190000 -0.0031480000 0.0032170000
-0.0213750000 -0.0079840000 -0.0154590000
0.0008400000 0.0371630000 0.0190570000
0.0001190000 -0.0664470000 0.0039220000
-0.0021000000 0.0515470000 -0.0076000000
-0.0225720000 -0.0649560000 -0.0158070000
-0.0306940000 -0.0351640000 -0.0109540000
0.0312240000 0.0447930000 0.0089610000
-0.0057880000 0.0147790000 -0.0158530000
-0.0089120000 -0.0393990000 0.0162020000
0.0392430000 0.0741820000 0.0059490000
-0.0055280000 0.0121320000 0.0196410000
0.0166230000 0.0652890000 -0.0111210000
-0.0063850000 -0.0813160000 -0.0126200000
0.0140340000 0.0202460000 0.0114880000
-0.0308670000 -0.0012670000 0.0034060000
-0.0195620000 -0.0732270000 0.0121440000
-0.0149050000 0.0395410000 0.0047160000
-0.0015600000 -0.0197030000 0.0134480000
-0.0330110000 -0.0333610000 0.0099600000
0.0552830000 0.0656810000 -0.0042930000
-0.0022590000 -0.0147450000 -0.0114840000
-0.0045810000 -0.0553720000 -0.0126970000
0.0227390000 0.0467160000 -0.0149000000
-0.0002950000 0.0339260000 -0.0162590000
-0.0034700000 -0.0981120000 -0.0030200000
-0.0005400000 0.0551710000 0.0116220000
-0.0336510000 -0.0188620000 -0.0020930000
0.0155590000 0.0485010000 0.0181460000
-0.0321160000 -0.0685430000 -0.0005480000
-0.0159110000 -0.0258940000 -0.0160790000
