-0.0039080000 0.0548010000 0.0046200000
-0.0143970000 -0.1013910000 -0.0021360000
-0.0346890000 -0.0216220000 0.0021060000
0.0725900000 0.0718140000 -0.0134080000
0.0096360000 0.0047710000 0.0056740000
0.0003060000 -0.0553660000 0.0032260000
0.0349900000 0.0738840000 0.0083610000
-0.0235040000 0.0225370000 0.0009310000
0.0284080000 0.0412740000 -0.0095190000
-0.0316560000 -0.0702680000 -0.0016350000
-0.0022130000 -0.0236240000 -0.0108410000
0.0144150000 0.0331570000 0.0176750000
-0.0088560000 -0.0165390000 0.0188550000
0.0022700000 0.0261430000 -0.0154500000
-0.0243850000 -0.0443270000 -0.0163930000
-0.0254540000 -0.0466670000 0.0154300000
-0.0213460000 -0.0020080000 -0.0146190000
-0.0069390000 -0.0767360000 -0.0135690000
0.0469770000 0.0614400000 -0.0132220000
0.0164730000 0.0660430000 -0.0101890000
