-0.0244050000 -0.0170410000 -0.0150910000
0.0714910000 0.0764090000 -0.0111850000
-0.0105210000 -0.1010630000 -0.0002110000
-0.0004000000 0.0531420000 0.0141590000
-0.0117140000 -0.0539230000 0.0157030000
0.0082350000 0.0063470000 0.0106870000
0.0357000000 0.0496760000 -0.0117370000
-0.0089950000 0.0293950000 -0.0150930000
-0.0206140000 -0.0697820000 -0.0158250000
-0.0267800000 0.0093060000 0.0081290000
-0.0125510000 -0.0198820000 0.0187960000
0.0265060000 0.0726650000 0.0104940000
-0.0027040000 -0.0393760000 -0.0107070000
-0.0346880000 -0.0441470000 -0.0032120000
0.0223640000 0.0333000000 0.0104010000
0.0070760000 0.0544470000 -0.0139150000
0.0004460000 -0.0752820000 0.0019440000
-0.0037270000 0.0020820000 -0.0140780000
-0.0083950000 0.0270020000 0.0186080000
0.0448190000 0.0747750000 -0.0089810000
-0.0249990000 -0.0758700000 0.0094200000
0.0033030000 -0.0174040000 -0.0001530000
0.0133070000 0.0208340000 -0.0087030000
-0.0336290000 -0.0218680000 0.0068810000
0.0347780000 0.0519410000 0.0105370000
0.0235760000 0.0689800000 -0.0114450000
-0.0145810000 0.0407740000 0.0026940000
-0.0106120000 0.0014760000 0.0194480000
-0.0015830000 -0.0359530000 0.0101590000
-0.0267710000 -0.0394620000 0.0156600000
-0.0027910000 -0.0601860000 -0.0117640000
-0.0199190000 -0.0491020000 -0.0167430000
0.0086070000 0.0668360000 0.0022160000
-0.0203270000 0.0130870000 -0.0108180000
-0.0084100000 -0.0855800000 -0.0129090000
0.0190680000 0.0389120000 -0.0132580000
-0.0308610000 -0.0575370000 0.0100010000
0.0178150000 0.0567220000 0.0170030000
-0.0312830000 -0.0056400000 -0.0020140000
-0.0240350000 -0.0887630000 -0.0036810000
0.0068290000 0.0370580000 0.0192650000
-0.0259780000 -0.0075620000 0.0156100000
0.0471230000 0.0587240000 -0.0007780000
-0.0073470000 -0.0223040000 -0.0136180000
-0.0225460000 0.0249860000 0.0017360000
-0.0108940000 -0.0864580000 0.0092210000
0.0003000000 -0.0517970000 0.0033030000
0.0586670000 0.0647830000 -0.0125200000
-0.0272910000 -0.0339320000 -0.0146220000
-0.0316530000 -0.0605030000 -0.0066950000
-0.0046710000 0.0533140000 -0.0019340000
0.0012660000 -0.0082990000 0.0135140000
0.0116270000 0.0218190000 0.0152660000
-0.0101390000 -0.0702200000 0.0131500000
0.0033980000 0.0391760000 -0.0163280000
0.0063300000 -0.0020680000 -0.0025910000
-0.0187880000 -0.0023260000 -0.0158080000
0.0415390000 0.0716790000 0.0059880000
0.0312650000 0.0406980000 0.0000930000
-0.0003770000 0.0168770000 -0.0149840000
0.0220100000 0.0547430000 -0.0166680000
-0.0016350000 0.0135370000 0.0195630000
0.0372260000 0.0640010000 -0.0160800000
-0.0168580000 0.0147420000 0.0175980000
