-0.0117340000 0.0159110000 -0.0160240000
-0.0131610000 -0.1014040000 -0.0007810000
0.0719790000 0.0756390000 -0.0087350000
-0.0296460000 -0.0395770000 0.0142610000
0.0140410000 0.0651800000 0.0140960000
-0.0025240000 -0.0609490000 -0.0115310000
-0.0014590000 -0.0088250000 0.0160180000
0.0186380000 0.0254830000 0.0086260000
0.0400330000 0.0537690000 -0.0122150000
-0.0165350000 -0.0216010000 -0.0161180000
0.0045870000 0.0478970000 -0.0157440000
-0.0136840000 0.0366500000 0.0113040000
-0.0295690000 -0.0722670000 0.0054390000
-0.0306210000 -0.0008550000 0.0044800000
-0.0003080000 -0.0377670000 0.0077910000
-0.0283130000 -0.0479370000 -0.0133880000
0.0380800000 0.0753610000 0.0050120000
-0.0042280000 -0.0783220000 0.0079430000
0.0026090000 -0.0050640000 -0.0094710000
0.0314350000 0.0472340000 0.0107450000
-0.0143960000 0.0125930000 0.0185570000
0.0192460000 0.0676700000 -0.0102640000
-0.0174330000 -0.0808180000 -0.0145350000
-0.0127340000 -0.0570120000 0.0154760000
0.0094660000 0.0250860000 -0.0128820000
0.0075490000 0.0433420000 0.0188740000
-0.0345510000 -0.0231310000 -0.0011800000
-0.0224560000 -0.0180670000 0.0175920000
-0.0033590000 0.0556360000 0.0037160000
-0.0243980000 0.0203250000 0.0009290000
0.0507830000 0.0724520000 -0.0122930000
0.0262110000 0.0378520000 -0.0079800000
-0.0058780000 -0.0398220000 -0.0129040000
0.0099040000 0.0063040000 0.0067560000
-0.0113860000 0.0357490000 -0.0093950000
-0.0219880000 -0.0017820000 -0.0140830000
0.0020630000 0.0240930000 0.0196920000
0.0011820000 -0.0235510000 -0.0049760000
-0.0015380000 -0.0883400000 -0.0077470000
-0.0339680000 -0.0541400000 0.0033050000
-0.0276920000 -0.0659170000 -0.0114510000
0.0442080000 0.0584850000 0.0046010000
-0.0198740000 -0.0870560000 0.0069250000
-0.0136800000 -0.0333280000 0.0180850000
0.0001070000 -0.0546960000 0.0042100000
0.0214470000 0.0518260000 -0.0164410000
0.0348820000 0.0694550000 -0.0148570000
0.0304120000 0.0635870000 0.0133160000
-0.0211480000 -0.0019520000 0.0175170000
-0.0285460000 -0.0318120000 -0.0133950000
0.0028230000 0.0107270000 -0.0125450000
-0.0355180000 -0.0388670000 -0.0009090000
0.0224580000 0.0739810000 0.0038080000
0.0075810000 0.0660960000 -0.0000360000
-0.0001730000 0.0064550000 0.0187960000
-0.0161990000 -0.0565480000 -0.0165670000
-0.0025250000 -0.0239220000 0.0134620000
-0.0165820000 -0.0714560000 0.0130290000
0.0002940000 -0.0740120000 -0.0052550000
0.0192470000 0.0518870000 0.0174470000
