0.0458570000 0.0404080000 -0.0545450000
-0.0761560000 -0.0673090000 0.0691010000
-0.0516990000 -0.0493730000 -0.1402970000
0.0499490000 0.0048280000 0.0874470000
-0.0005150000 -0.0711280000 -0.0290240000
-0.0466820000 0.0396670000 0.0225380000
-0.0515590000 0.0289390000 -0.0771350000
0.0376120000 -0.0070210000 -0.1409910000
0.0122190000 -0.0705460000 0.0588490000
0.0560170000 0.0656270000 0.0269690000
-0.0714480000 -0.0283820000 -0.0188780000
0.0480840000 -0.0150400000 0.0074660000
-0.0753870000 0.0085490000 0.0882030000
-0.0089670000 0.0528500000 0.0872450000
0.0101730000 -0.0637240000 -0.1021540000
-0.0279090000 0.0262940000 -0.1467650000
-0.0138850000 -0.0195370000 0.0955080000
0.0432340000 -0.0263680000 -0.0576420000
-0.0494160000 -0.0577660000 -0.0737190000
-0.0128460000 0.0455660000 -0.0298290000
-0.0383860000 -0.0696310000 0.0199330000
0.0137500000 0.0339050000 -0.1044430000
-0.0759070000 -0.0194120000 0.0372940000
0.0056010000 0.0464280000 0.0353990000
-0.0667250000 -0.0017920000 -0.1193700000
-0.0611890000 0.0228450000 -0.0252660000
0.0419420000 0.0551890000 0.0759320000
-0.0294500000 -0.0762810000 0.0880130000
0.0465600000 -0.0333250000 0.0545660000
0.0287590000 0.0298180000 -0.0062870000
-0.0026800000 -0.0381340000 -0.1434990000
0.0266460000 -0.0597590000 0.0121000000
-0.0708010000 -0.0141710000 -0.0660250000
0.0421850000 0.0172080000 0.0419930000
-0.0493960000 0.0408430000 0.0685670000
0.0409470000 -0.0017990000 -0.0962300000
-0.0449800000 -0.0636730000 -0.0274080000
-0.0558860000 -0.0309180000 0.0850980000
0.0655820000 0.0506770000 -0.0168380000
0.0093720000 0.0152520000 0.0909190000
