0.0578920000 0.0571100000 0.0563640000
-0.0476050000 -0.0501550000 -0.1429730000
-0.0749740000 -0.0689840000 0.0686030000
-0.0524970000 0.0318480000 -0.0273680000
0.0321420000 -0.0540070000 0.0048270000
-0.0516610000 0.0417940000 0.0871780000
0.0383900000 0.0067720000 -0.0935080000
-0.0470800000 -0.0610560000 -0.0484620000
0.0503970000 -0.0263410000 0.0880210000
-0.0326320000 0.0360500000 -0.1360610000
0.0522300000 0.0607710000 -0.0287620000
0.0116420000 -0.0633080000 -0.0971800000
-0.0036480000 -0.0778310000 0.0879080000
-0.0755520000 -0.0040790000 0.0335410000
-0.0082110000 0.0488330000 0.0283310000
-0.0690130000 -0.0055430000 -0.0891250000
-0.0320970000 -0.0717880000 0.0164020000
-0.0140480000 -0.0125460000 0.0953950000
0.0434660000 0.0106490000 0.0125130000
-0.0110310000 0.0430700000 -0.0751070000
0.0273840000 -0.0263750000 -0.1465960000
0.0403640000 -0.0364020000 -0.0522190000
0.0075360000 0.0485680000 0.0874030000
-0.0790850000 -0.0164540000 0.0883270000
-0.0729160000 -0.0199240000 -0.0206930000
0.0198200000 0.0260550000 -0.1400470000
0.0014270000 0.0438620000 -0.0236420000
0.0035950000 -0.0696880000 -0.0362830000
0.0382600000 0.0135890000 -0.0428380000
-0.0648540000 -0.0027750000 -0.1397280000
0.0297560000 -0.0589810000 0.0550590000
-0.0380070000 -0.0639320000 -0.0967670000
-0.0166920000 -0.0089260000 -0.1431780000
-0.0528290000 0.0351540000 0.0199950000
0.0457250000 0.0114030000 0.0597410000
-0.0022300000 -0.0631610000 -0.1422080000
-0.0399010000 -0.0498220000 0.0907400000
0.0682000000 0.0520050000 0.0126490000
-0.0668500000 -0.0438900000 0.0163730000
-0.0472060000 0.0309810000 -0.0954250000
0.0483650000 -0.0252920000 0.0362090000
0.0383110000 -0.0331260000 -0.1073410000
-0.0309220000 -0.0733010000 0.0573930000
0.0465580000 -0.0195990000 -0.0153570000
-0.0459280000 0.0035700000 0.0769940000
-0.0687640000 0.0052900000 -0.0508900000
0.0052860000 -0.0723040000 0.0280160000
0.0142590000 -0.0284220000 0.0739920000
0.0113100000 0.0110280000 0.0774180000
0.0210840000 0.0398950000 0.0521390000
-0.0628660000 -0.0415110000 -0.0776690000
-0.0229340000 0.0502010000 0.0635800000
-0.0029660000 0.0398630000 -0.1121590000
-0.0646750000 -0.0331360000 -0.1144500000
-0.0728460000 -0.0340380000 0.0555440000
0.0244160000 0.0331230000 -0.0710050000
-0.0128560000 -0.0706540000 -0.0692590000
-0.0626940000 0.0275290000 0.0546660000
0.0198590000 0.0379230000 0.0076430000
-0.0511550000 -0.0600910000 -0.0124080000
