-0.0568690000 -0.0128610000 -0.1466640000
0.0523550000 -0.0177450000 0.0876820000
0.0443200000 0.0528490000 -0.0498330000
-0.0728410000 -0.0273370000 0.0032170000
0.0170110000 -0.0619980000 -0.0671330000
-0.0436090000 0.0466850000 0.0868610000
-0.0345090000 -0.0747090000 0.0873480000
0.0370440000 0.0039280000 -0.1343120000
0.0549350000 0.0661260000 0.0434840000
-0.0471670000 0.0331910000 -0.0648880000
0.0223580000 -0.0635060000 0.0199160000
-0.0168610000 0.0479260000 0.0096820000
-0.0607660000 -0.0452800000 -0.0737560000
0.0006950000 -0.0628180000 -0.1418080000
-0.0797190000 -0.0171640000 0.0876230000
0.0453890000 0.0043280000 0.0059940000
