0.0328960000 -0.0330660000 0.0883120000
-0.0540210000 0.0013690000 -0.1466640000
0.0491250000 0.0572160000 -0.0404480000
-0.0739590000 -0.0078780000 -0.0046540000
0.0194090000 -0.0605110000 -0.0673660000
-0.0435180000 0.0468440000 0.0864920000
-0.0617570000 -0.0738030000 0.0747010000
0.0539020000 0.0630970000 0.0612210000
0.0382920000 -0.0007890000 -0.1360350000
-0.0343280000 0.0397150000 -0.0689880000
0.0476430000 -0.0185650000 0.0031160000
-0.0611140000 -0.0443990000 -0.0780010000
-0.0139670000 -0.0742280000 0.0070520000
-0.0148650000 0.0480400000 0.0105810000
-0.0096080000 -0.0646950000 -0.1417840000
-0.0768750000 -0.0087300000 0.0635880000
0.0416990000 0.0007290000 -0.0713450000
-0.0087390000 0.0400660000 -0.1267470000
0.0143580000 0.0256520000 0.0893930000
-0.0275130000 -0.0271240000 0.0944320000
-0.0029510000 -0.0753720000 0.0655170000
-0.0551990000 -0.0557300000 -0.0236880000
0.0559780000 0.0416870000 0.0113200000
0.0472800000 0.0063090000 0.0514730000
-0.0660590000 0.0057730000 -0.0947560000
-0.0648190000 -0.0481320000 0.0281020000
-0.0582820000 0.0313940000 0.0353200000
0.0352030000 -0.0527140000 0.0393730000
-0.0558750000 -0.0472990000 -0.1286800000
0.0302190000 -0.0466530000 -0.1153080000
-0.0510000000 0.0334560000 -0.0221390000
0.0256060000 -0.0588130000 -0.0181290000
0.0021870000 0.0429280000 -0.0352220000
-0.0216110000 -0.0689190000 -0.0945020000
-0.0086040000 -0.0159180000 -0.1430000000
0.0115620000 0.0362960000 -0.0832580000
0.0150420000 0.0429360000 0.0455820000
-0.0713740000 -0.0068090000 -0.0506550000
0.0388980000 0.0145140000 -0.0273340000
-0.0156690000 -0.0720070000 -0.0399210000
-0.0230450000 0.0103410000 0.0714800000
0.0440600000 -0.0272760000 -0.0392780000
-0.0253490000 0.0491630000 0.0505970000
-0.0356070000 -0.0715920000 0.0425880000
-0.0463220000 0.0295600000 -0.1198040000
-0.0644490000 -0.0372960000 0.0874430000
0.0016590000 -0.0199750000 0.0697030000
0.0203710000 0.0369100000 -0.0018510000
-0.0706460000 0.0200200000 0.0880220000
0.0507360000 0.0306850000 0.0802050000
-0.0292750000 -0.0634770000 0.0885620000
0.0394110000 -0.0344410000 -0.0824840000
0.0334400000 0.0150630000 -0.1039610000
-0.0081970000 0.0534540000 0.0863920000
0.0234150000 -0.0674100000 0.0881480000
-0.0745850000 0.0004700000 0.0296250000
0.0525180000 -0.0040080000 0.0861600000
0.0248680000 -0.0315180000 -0.1465330000
0.0118360000 0.0198400000 -0.1466170000
0.0324240000 0.0315170000 -0.0563620000
-0.0678510000 -0.0160800000 -0.1208770000
0.0484850000 -0.0271420000 0.0577390000
-0.0377540000 -0.0656800000 -0.0651070000
0.0079480000 -0.0716900000 0.0337540000
0.0434380000 0.0115910000 0.0182750000
-0.0218310000 0.0151490000 -0.1440090000
-0.0463450000 -0.0646430000 0.0066130000
-0.0584890000 0.0235650000 -0.0544070000
-0.0641140000 0.0217330000 0.0052340000
-0.0046360000 -0.0012980000 0.0950340000
-0.0176870000 0.0417000000 -0.0960980000
-0.0466660000 -0.0107610000 0.0748720000
0.0415860000 -0.0159480000 -0.1081790000
0.0095570000 -0.0642530000 -0.0978860000
-0.0663670000 -0.0380010000 -0.0475820000
-0.0389980000 -0.0260040000 -0.1437310000
-0.0708070000 -0.0389800000 0.0571110000
0.0372180000 -0.0479140000 0.0083870000
-0.0684370000 -0.0390040000 -0.0013390000
0.0555260000 0.0658360000 0.0305380000
0.0542120000 0.0631260000 -0.0107160000
0.0009760000 -0.0485990000 0.0792190000
-0.0277380000 0.0435740000 -0.0385080000
0.0230540000 -0.0007170000 0.0785130000
-0.0326990000 -0.0646250000 -0.1229700000
-0.0584390000 0.0329430000 0.0647990000
-0.0434050000 0.0408240000 0.0120870000
-0.0685840000 0.0096070000 -0.0270180000
-0.0498770000 0.0291970000 -0.0912000000
0.0494230000 -0.0147870000 0.0319630000
-0.0086630000 -0.0704380000 -0.0691140000
-0.0701850000 -0.0166980000 -0.0778160000
0.0143590000 -0.0675780000 0.0064760000
-0.0501000000 -0.0554890000 -0.1016050000
-0.0065320000 0.0431910000 -0.0626360000
-0.0319250000 -0.0702400000 -0.0169860000
0.0172370000 0.0307860000 -0.1211550000
0.0377150000 -0.0511590000 0.0675320000
0.0172900000 -0.0570790000 -0.1380800000
0.0114430000 -0.0664720000 -0.0408970000
-0.0008470000 -0.0717890000 -0.0168430000
-0.0128830000 0.0264230000 0.0909450000
0.0580370000 0.0426370000 0.0440950000
0.0290670000 0.0467030000 0.0808250000
0.0345100000 0.0293280000 0.0588280000
-0.0332960000 -0.0521750000 -0.1467120000
-0.0724020000 -0.0209720000 -0.0278410000
-0.0743140000 -0.0244890000 0.0204650000
0.0321830000 -0.0503920000 -0.0463660000
-0.0444090000 0.0201550000 0.0837050000
-0.0285600000 0.0449800000 -0.0118460000
0.0286090000 0.0325360000 0.0237300000
-0.0570840000 -0.0608250000 0.0526170000
0.0423030000 -0.0365230000 -0.0149360000
-0.0655940000 -0.0327460000 -0.1008110000
-0.0628020000 0.0095370000 -0.1206550000
-0.0708750000 0.0141550000 0.0519390000
0.0201640000 -0.0663440000 0.0558790000
-0.0792850000 -0.0159540000 0.0882660000
0.0539540000 0.0400460000 -0.0220880000
-0.0011250000 -0.0404450000 -0.1436480000
0.0463830000 -0.0096290000 -0.0205290000
-0.0027650000 0.0496200000 0.0620190000
0.0147480000 -0.0066660000 -0.1438770000
-0.0084810000 -0.0680430000 -0.1169070000
-0.0018370000 0.0454640000 -0.0106310000
-0.0060760000 0.0489630000 0.0340230000
-0.0397780000 -0.0659530000 -0.0400880000
