-0.0630360000 -0.0115830000 0.0875130000
0.0298960000 -0.0149490000 -0.1464620000
0.0672080000 0.0525750000 0.0028410000
-0.0023400000 -0.0718080000 -0.0229340000
-0.0367350000 0.0393120000 -0.0597790000
0.0517210000 -0.0253890000 0.0867710000
-0.0565630000 -0.0483880000 -0.1054440000
-0.0217450000 0.0488710000 0.0310270000
-0.0738820000 -0.0198170000 -0.0021210000
0.0438530000 -0.0058180000 -0.0591730000
-0.0128310000 -0.0759490000 0.0624560000
-0.0436010000 0.0262970000 -0.1425880000
0.0414810000 0.0523610000 0.0773060000
0.0465740000 -0.0278960000 0.0124930000
0.0138480000 -0.0623560000 -0.0934710000
0.0132620000 0.0341980000 -0.1040270000
-0.0025200000 0.0085450000 0.0941300000
-0.0743410000 -0.0694860000 0.0682430000
0.0124970000 0.0399130000 -0.0224830000
-0.0136570000 -0.0565480000 -0.1467310000
-0.0711460000 -0.0099510000 -0.0616290000
-0.0470970000 0.0444970000 0.0836840000
-0.0447040000 -0.0661490000 0.0155030000
-0.0680840000 0.0186750000 0.0382290000
-0.0486480000 -0.0597250000 -0.0513190000
0.0396260000 0.0208540000 0.0347640000
-0.0562130000 0.0296630000 -0.0118220000
0.0575540000 0.0420960000 -0.0469620000
0.0324360000 -0.0563380000 0.0517990000
-0.0213450000 -0.0385890000 0.0942420000
-0.0554920000 -0.0214110000 -0.1467030000
0.0365020000 -0.0455390000 -0.0328960000
