-0.0497860000 -0.0297310000 -0.1447500000
0.0480470000 0.0096850000 0.0876050000
-0.0709410000 -0.0338400000 0.0049940000
0.0404520000 0.0484770000 -0.0559090000
0.0173620000 -0.0622230000 -0.0599570000
-0.0579940000 0.0365150000 0.0877210000
-0.0164110000 -0.0784520000 0.0883060000
-0.0528400000 0.0284530000 -0.0667760000
0.0395740000 -0.0051860000 -0.1324860000
-0.0004860000 0.0472060000 0.0219510000
0.0366720000 -0.0499220000 0.0244990000
-0.0585770000 -0.0486390000 -0.0695950000
-0.0212440000 0.0391770000 -0.1344460000
-0.0754350000 -0.0347400000 0.0853760000
0.0690080000 0.0522590000 0.0349300000
0.0062370000 -0.0640560000 -0.1272630000
-0.0137430000 -0.0126390000 0.0954450000
-0.0177910000 -0.0735060000 -0.0051960000
0.0460180000 -0.0112590000 -0.0284120000
-0.0614430000 0.0269890000 0.0237440000
0.0398580000 -0.0520300000 0.0870500000
0.0021750000 0.0516540000 0.0861750000
-0.0108380000 0.0452880000 -0.0331570000
-0.0462380000 -0.0663890000 0.0425320000
0.0466980000 0.0037250000 0.0238740000
0.0428740000 -0.0205000000 -0.0809700000
-0.0028460000 0.0413870000 -0.0850660000
-0.0616320000 0.0124890000 -0.1157380000
-0.0690900000 0.0089100000 -0.0231640000
0.0539000000 0.0631430000 -0.0108020000
-0.0074350000 -0.0068330000 -0.1433280000
-0.0388860000 -0.0626470000 -0.1108540000
0.0004290000 -0.0741830000 0.0443080000
-0.0764590000 -0.0116080000 0.0450240000
0.0460220000 0.0561500000 0.0741600000
-0.0254430000 -0.0704320000 -0.0489110000
-0.0302420000 0.0482710000 0.0549950000
0.0322520000 -0.0521940000 -0.0196480000
0.0279370000 0.0295030000 -0.0189660000
0.0316000000 0.0182480000 -0.0968060000
0.0491260000 -0.0240220000 0.0562330000
-0.0698210000 -0.0087400000 -0.0792980000
-0.0577720000 -0.0526210000 -0.0288570000
-0.0493530000 -0.0034690000 0.0775690000
0.0182590000 0.0293460000 -0.1340540000
-0.0436070000 0.0392370000 -0.0102750000
0.0292550000 0.0334830000 0.0454810000
0.0018150000 -0.0442340000 0.0763500000
-0.0372640000 -0.0444220000 0.0917650000
0.0347960000 -0.0398580000 -0.1144240000
-0.0075110000 -0.0693680000 -0.0887960000
0.0114900000 0.0083900000 0.0751370000
-0.0646240000 -0.0339850000 -0.1093980000
-0.0742100000 -0.0695490000 0.0688180000
0.0385120000 0.0107760000 -0.0595040000
-0.0362990000 0.0368910000 -0.1005010000
-0.0714630000 -0.0216570000 -0.0436680000
-0.0255930000 -0.0574900000 -0.1449030000
-0.0402720000 0.0075890000 -0.1442230000
-0.0223460000 0.0199970000 0.0752620000
-0.0495730000 -0.0624090000 0.0062490000
0.0166460000 -0.0339930000 -0.1442090000
-0.0676890000 0.0205330000 0.0580830000
0.0401450000 -0.0371060000 -0.0505890000
0.0468090000 -0.0246410000 0.0031820000
0.0137780000 -0.0678720000 0.0065260000
0.0288770000 -0.0598050000 0.0563060000
-0.0736040000 -0.0002590000 0.0086820000
0.0316550000 -0.0191810000 0.0843270000
0.0041940000 -0.0698030000 -0.0302990000
-0.0341290000 0.0455010000 0.0217730000
-0.0686850000 -0.0424490000 0.0364490000
0.0273040000 0.0327820000 0.0130150000
0.0150950000 -0.0721840000 0.0872710000
-0.0298760000 0.0516400000 0.0867340000
0.0020890000 0.0481620000 0.0537270000
0.0469770000 0.0076820000 0.0559790000
0.0101020000 0.0386660000 -0.0559240000
-0.0250300000 0.0427650000 -0.0621730000
0.0224740000 -0.0568850000 -0.0906220000
