0.0059690000 -0.0628810000 -0.1390240000
-0.0406500000 0.0472840000 0.0876200000
0.0619910000 0.0472460000 -0.0359700000
-0.0104490000 -0.0742160000 0.0082740000
-0.0606140000 0.0197420000 -0.0657050000
0.0522740000 -0.0198720000 0.0874770000
-0.0743710000 -0.0477930000 0.0818540000
0.0038920000 0.0358740000 -0.1387170000
0.0542920000 0.0655290000 0.0539130000
0.0390740000 -0.0384980000 -0.0582040000
-0.0154130000 0.0476210000 0.0042490000
-0.0638600000 -0.0151050000 -0.1425450000
-0.0428940000 -0.0626310000 -0.0693200000
-0.0739170000 -0.0219460000 0.0041160000
-0.0015380000 -0.0775330000 0.0876520000
0.0483390000 -0.0117860000 0.0119850000
0.0035180000 0.0403700000 -0.0709660000
-0.0131410000 -0.0127750000 0.0954930000
0.0411130000 -0.0130720000 -0.1177970000
-0.0735220000 0.0077100000 0.0559930000
