0.0583580000 0.0570050000 -0.0027020000
-0.0506360000 -0.0484540000 -0.1421250000
-0.0753150000 -0.0685900000 0.0687210000
0.0148300000 -0.0654970000 -0.0279390000
-0.0324050000 0.0505680000 0.0872450000
0.0442580000 -0.0439190000 0.0881470000
-0.0481350000 0.0333100000 -0.0533620000
0.0392670000 0.0017000000 -0.1091390000
-0.0728500000 0.0061650000 0.0251930000
-0.0337150000 0.0351640000 -0.1379430000
0.0503530000 0.0397790000 0.0784970000
-0.0591930000 -0.0486750000 -0.0593120000
0.0486200000 -0.0160270000 0.0180250000
-0.0058700000 -0.0752040000 0.0425380000
-0.0131830000 0.0483030000 0.0151010000
-0.0252420000 -0.0220110000 0.0947010000
0.0077360000 -0.0648170000 -0.1015370000
0.0196130000 0.0335730000 -0.0524800000
-0.0574630000 -0.0554760000 0.0059490000
-0.0680970000 -0.0034670000 -0.1018400000
-0.0762750000 0.0088990000 0.0866750000
0.0444990000 -0.0205250000 -0.0538250000
-0.0047110000 -0.0140470000 -0.1430960000
-0.0727280000 -0.0072960000 -0.0266670000
0.0177440000 -0.0006000000 0.0748930000
0.0037480000 0.0386070000 -0.1015040000
-0.0287860000 -0.0761430000 0.0881350000
0.0322940000 0.0296850000 0.0322410000
0.0337440000 -0.0396200000 -0.1320750000
-0.0392280000 -0.0631310000 -0.0990650000
0.0287840000 -0.0581120000 0.0162460000
-0.0516970000 0.0340370000 -0.0070440000
0.0388450000 0.0162200000 -0.0141710000
-0.0479680000 0.0401130000 0.0440800000
-0.0190600000 -0.0709400000 -0.0585190000
-0.0062090000 -0.0596000000 -0.1445370000
0.0185890000 0.0248690000 -0.1422680000
-0.0558260000 -0.0034910000 -0.1464620000
0.0072680000 0.0474190000 0.0660610000
-0.0753120000 -0.0253360000 0.0566790000
0.0558380000 0.0659990000 0.0427990000
-0.0180780000 -0.0737070000 -0.0006840000
-0.0149260000 0.0456750000 -0.0281410000
-0.0422680000 0.0341660000 -0.0958470000
0.0128810000 -0.0724200000 0.0807790000
0.0594570000 0.0435580000 -0.0427560000
-0.0222650000 0.0129460000 0.0721390000
0.0372620000 -0.0382190000 -0.0906620000
0.0418610000 -0.0373630000 -0.0162310000
0.0500730000 -0.0176740000 0.0577850000
-0.0455920000 -0.0667930000 0.0422110000
-0.0590690000 -0.0396850000 0.0885120000
0.0030400000 -0.0359080000 0.0726970000
-0.0709430000 -0.0122730000 -0.0644490000
-0.0427170000 -0.0649890000 -0.0283340000
0.0195640000 -0.0604990000 -0.0654260000
-0.0143150000 0.0434500000 -0.0684210000
0.0334960000 -0.0551560000 0.0536460000
0.0379860000 0.0101210000 -0.0729670000
-0.0627180000 -0.0383510000 -0.1092230000
0.0510450000 0.0029140000 0.0868450000
0.0137450000 0.0404110000 -0.0074030000
-0.0737710000 -0.0231640000 0.0050100000
0.0346920000 -0.0062950000 -0.1435320000
-0.0663710000 -0.0406380000 -0.0238450000
0.0028550000 0.0253090000 0.0909650000
-0.0488620000 -0.0069610000 0.0767480000
-0.0589440000 0.0342650000 0.0755410000
-0.0569610000 0.0189300000 -0.1227800000
-0.0619370000 0.0166720000 -0.0770810000
0.0444680000 0.0139740000 0.0573950000
-0.0172350000 0.0499090000 0.0461760000
-0.0716790000 0.0126300000 0.0561630000
-0.0686340000 -0.0421320000 0.0315360000
-0.0117110000 0.0154260000 -0.1440000000
0.0411740000 0.0072970000 -0.0427460000
0.0583300000 0.0427670000 0.0240430000
-0.0146970000 -0.0500690000 0.0923450000
-0.0300010000 -0.0653310000 -0.1274460000
0.0348920000 -0.0469250000 -0.0437360000
-0.0340730000 -0.0235890000 -0.1433890000
-0.0627780000 0.0200120000 -0.0316540000
-0.0140640000 -0.0725060000 -0.0298790000
-0.0031300000 -0.0029530000 0.0949700000
-0.0695960000 0.0106540000 -0.0032740000
-0.0042780000 0.0392780000 -0.1293620000
-0.0792020000 -0.0194990000 0.0871010000
0.0082840000 0.0454440000 0.0348190000
0.0273630000 0.0237010000 -0.0953820000
0.0431740000 -0.0398990000 0.0320070000
0.0045310000 -0.0719960000 0.0164590000
0.0464680000 -0.0100170000 -0.0194260000
0.0305580000 0.0221830000 0.0867710000
0.0434510000 0.0108980000 0.0138910000
-0.0492170000 -0.0620550000 0.0753410000
-0.0583460000 0.0301590000 0.0204340000
-0.0154850000 -0.0698050000 -0.0866450000
-0.0660210000 -0.0343560000 -0.0821610000
-0.0656630000 -0.0265610000 -0.1339470000
-0.0267270000 -0.0744590000 0.0606040000
