-0.0053650000 0.0457020000 0.0851450000
-0.0202430000 -0.0567160000 -0.1466650000
0.0530590000 0.0380150000 -0.0540900000
-0.0292240000 -0.0718200000 -0.0004210000
-0.0613670000 0.0184970000 -0.0672100000
0.0351920000 -0.0571160000 0.0883220000
-0.0758410000 -0.0332340000 0.0864650000
0.0025240000 0.0367540000 -0.1372620000
0.0300000000 -0.0512080000 -0.0687670000
0.0688060000 0.0530740000 0.0337510000
-0.0626010000 0.0252720000 0.0209160000
0.0469570000 -0.0257070000 0.0104410000
-0.0494260000 -0.0576930000 -0.0748240000
-0.0633100000 0.0032200000 -0.1394460000
0.0045460000 0.0444690000 -0.0002340000
0.0396270000 -0.0225150000 -0.1325420000
-0.0265570000 -0.0749140000 0.0670260000
0.0495080000 0.0076550000 0.0812310000
-0.0719660000 -0.0257970000 -0.0198840000
-0.0144420000 -0.0167010000 0.0954600000
-0.0657830000 0.0287280000 0.0866820000
-0.0048740000 0.0424110000 -0.0755180000
-0.0665450000 -0.0458070000 0.0322730000
0.0170250000 -0.0675290000 0.0325720000
0.0196040000 -0.0631910000 -0.0191970000
0.0454750000 -0.0113570000 -0.0394310000
-0.0410460000 0.0396090000 -0.0243170000
0.0344000000 0.0142740000 -0.0965130000
-0.0056840000 -0.0686060000 -0.0996010000
0.0229340000 0.0384370000 0.0452390000
-0.0397380000 0.0345620000 -0.1097330000
0.0534480000 0.0629430000 -0.0117630000
-0.0596700000 -0.0425480000 -0.1212180000
-0.0154060000 -0.0083120000 -0.1432260000
-0.0243180000 0.0489920000 0.0409250000
-0.0109270000 -0.0713630000 -0.0529780000
-0.0761910000 -0.0051400000 0.0511220000
0.0396560000 0.0159750000 -0.0042320000
0.0476850000 -0.0298780000 0.0551240000
-0.0703200000 -0.0731440000 0.0688160000
-0.0693360000 -0.0204210000 -0.0850640000
0.0528760000 0.0502100000 0.0738070000
-0.0508410000 -0.0590750000 -0.0335100000
0.0140550000 0.0378800000 -0.0395250000
0.0182170000 -0.0573250000 -0.1314920000
-0.0291950000 0.0144890000 0.0736420000
0.0467930000 0.0059430000 0.0365040000
0.0102760000 0.0064670000 0.0742160000
-0.0390520000 -0.0468370000 0.0911630000
-0.0681010000 0.0123430000 -0.0154210000
0.0415220000 -0.0242300000 -0.0938080000
-0.0007920000 -0.0482890000 0.0785650000
-0.0328070000 0.0253820000 -0.1460550000
-0.0750520000 -0.0095410000 0.0139680000
0.0314470000 0.0132960000 -0.1390690000
-0.0397060000 -0.0696810000 0.0342680000
-0.0639910000 0.0095230000 -0.1034170000
-0.0472630000 -0.0159550000 0.0753830000
-0.0546430000 0.0357500000 0.0535020000
-0.0675870000 -0.0344400000 -0.0532040000
0.0320330000 -0.0227410000 0.0851840000
-0.0590100000 -0.0532460000 -0.0006100000
-0.0356410000 0.0398200000 -0.0590550000
-0.0358830000 0.0440710000 0.0092350000
