0.0291800000 0.0193750000 -0.1251520000
-0.0784480000 -0.0226790000 0.0878660000
0.0687220000 0.0532200000 0.0393250000
0.0122630000 -0.0675860000 -0.0129600000
-0.0416150000 0.0403560000 -0.0089250000
-0.0648310000 -0.0359430000 -0.0915980000
0.0449640000 -0.0417580000 0.0882690000
-0.0171210000 0.0536840000 0.0863750000
0.0386340000 0.0137430000 -0.0367840000
0.0036910000 -0.0635410000 -0.1394660000
-0.0679000000 -0.0407160000 0.0041810000
-0.0233190000 -0.0751270000 0.0614240000
-0.0485650000 0.0244110000 -0.1407660000
-0.0195610000 0.0428590000 -0.0772920000
0.0344020000 -0.0448100000 -0.0769820000
0.0489500000 -0.0162240000 0.0244120000
-0.0136560000 -0.0118780000 0.0953960000
-0.0629890000 0.0268460000 0.0506230000
0.0412510000 0.0220670000 0.0873660000
0.0072260000 0.0454620000 0.0290130000
-0.0204560000 -0.0704360000 -0.0660070000
-0.0709730000 -0.0011710000 -0.0420700000
-0.0482500000 -0.0390510000 -0.1467860000
0.0535090000 0.0628290000 -0.0139100000
0.0254690000 -0.0622410000 0.0412920000
-0.0739670000 -0.0698270000 0.0681530000
-0.0616520000 0.0157380000 -0.0895950000
-0.0047110000 -0.0140470000 -0.1430960000
0.0380380000 -0.0308170000 -0.1245690000
-0.0304720000 -0.0720630000 0.0120740000
