-0.0679860000 -0.0734670000 0.0699160000
0.0190780000 0.0227870000 -0.1432780000
0.0607820000 0.0618410000 0.0376420000
-0.0580150000 0.0265180000 -0.0270410000
0.0325420000 -0.0532580000 0.0005010000
-0.0439540000 0.0453350000 0.0877170000
-0.0343020000 -0.0657060000 -0.0922730000
0.0519940000 0.0361970000 -0.0542760000
0.0516040000 -0.0190610000 0.0879160000
-0.0644870000 0.0008700000 -0.1383110000
-0.0559730000 -0.0558100000 -0.0110850000
0.0391820000 -0.0338630000 -0.0899590000
-0.0758770000 -0.0045480000 0.0406540000
0.0040370000 -0.0761870000 0.0879280000
-0.0096860000 0.0486560000 0.0233620000
-0.0152320000 0.0426450000 -0.0829200000
0.0054020000 -0.0523810000 -0.1466330000
0.0221340000 0.0406830000 0.0871370000
-0.0280280000 -0.0185070000 0.0840230000
-0.0703390000 -0.0148100000 -0.0752930000
0.0434400000 0.0093870000 0.0044500000
-0.0154970000 -0.0752310000 0.0306000000
-0.0062100000 -0.0715730000 -0.0404550000
0.0022080000 0.0432280000 -0.0302040000
-0.0485760000 -0.0503860000 -0.1422340000
0.0452720000 -0.0197190000 -0.0394160000
0.0347550000 -0.0536810000 0.0524260000
-0.0295290000 0.0375500000 -0.1318250000
-0.0783990000 -0.0245610000 0.0873250000
0.0542870000 0.0629680000 -0.0119650000
0.0337070000 0.0154360000 -0.0957330000
0.0442750000 0.0139760000 0.0525290000
0.0394920000 -0.0202710000 -0.1365300000
-0.0166920000 -0.0089260000 -0.1431780000
-0.0552010000 0.0331890000 0.0205470000
-0.0741040000 -0.0123420000 -0.0058510000
-0.0552700000 0.0236100000 -0.0959690000
-0.0650080000 -0.0481970000 0.0324720000
0.0091440000 -0.0641770000 -0.1025180000
-0.0563140000 -0.0523800000 -0.0552180000
0.0124360000 -0.0091170000 0.0716950000
-0.0720510000 0.0163280000 0.0768310000
-0.0339080000 -0.0593250000 0.0894410000
-0.0125370000 0.0187600000 0.0928570000
0.0282480000 -0.0539940000 -0.0547150000
-0.0109770000 0.0508100000 0.0641550000
0.0488680000 -0.0212990000 0.0319050000
-0.0620300000 -0.0400480000 -0.1057950000
0.0597050000 0.0440090000 0.0732470000
0.0258800000 0.0350400000 0.0261990000
