-0.0109510000 -0.0766500000 0.0872920000
-0.0160810000 0.0291980000 -0.1465630000
0.0557660000 0.0646750000 0.0088420000
-0.0717840000 0.0014990000 -0.0169650000
0.0385490000 -0.0396070000 -0.0579400000
-0.0345850000 0.0493450000 0.0876350000
-0.0519980000 -0.0537930000 -0.1007000000
0.0517320000 0.0003890000 0.0850190000
-0.0020980000 0.0426470000 -0.0580840000
-0.0242800000 -0.0728730000 -0.0016050000
0.0234270000 -0.0475710000 -0.1427310000
-0.0761730000 -0.0238890000 0.0671220000
0.0425490000 -0.0399240000 0.0198540000
-0.0176900000 0.0481940000 0.0148310000
-0.0607000000 0.0171940000 -0.0903980000
0.0362720000 0.0099640000 -0.1054790000
-0.0121130000 -0.0113820000 0.0953830000
0.0416920000 0.0099070000 -0.0188080000
0.0476820000 0.0603210000 0.0701680000
-0.0609020000 -0.0119560000 -0.1442790000
-0.0121120000 -0.0710610000 -0.0604700000
-0.0645350000 0.0241630000 0.0378470000
-0.0598820000 -0.0493720000 -0.0392000000
0.0377240000 -0.0523490000 0.0738080000
-0.0672590000 -0.0431610000 0.0162710000
0.0409210000 0.0187890000 0.0348150000
0.0476650000 0.0566030000 -0.0426890000
-0.0619450000 -0.0740640000 0.0740500000
-0.0278570000 -0.0544030000 -0.1467510000
0.0063490000 -0.0724260000 0.0391560000
0.0117510000 0.0318180000 0.0881790000
-0.0422080000 0.0386740000 -0.0294730000
0.0203370000 -0.0627410000 -0.0185570000
-0.0717230000 0.0192320000 0.0875470000
0.0179740000 -0.0596930000 -0.0968120000
-0.0218600000 0.0410090000 -0.1011210000
0.0170550000 -0.0024400000 -0.1441730000
-0.0696930000 -0.0225510000 -0.0732850000
0.0352420000 0.0163690000 -0.0618690000
0.0106810000 0.0410850000 -0.0169680000
-0.0368210000 -0.0710090000 0.0394010000
0.0095540000 0.0454890000 0.0474980000
-0.0375780000 -0.0445010000 0.0916340000
-0.0519440000 0.0241390000 -0.1287880000
-0.0211120000 -0.0148060000 -0.1430540000
0.0393450000 -0.0292870000 -0.1107930000
0.0444230000 -0.0299530000 -0.0184770000
-0.0347200000 0.0126130000 0.0745680000
-0.0168950000 -0.0684560000 -0.1121800000
0.0499130000 -0.0170800000 0.0503720000
-0.0000210000 -0.0417640000 0.0744220000
-0.0639480000 0.0160190000 -0.0518200000
0.0108850000 0.0346200000 -0.1194290000
-0.0344320000 0.0467860000 0.0489480000
-0.0751710000 -0.0066690000 0.0199730000
0.0690390000 0.0517490000 0.0410750000
0.0165130000 -0.0022830000 0.0738550000
-0.0387350000 0.0379150000 -0.0676460000
-0.0687240000 -0.0138350000 -0.1086240000
-0.0579240000 0.0290850000 0.0023880000
0.0479410000 -0.0065160000 0.0112710000
0.0432660000 -0.0130260000 -0.0797540000
0.0165640000 0.0332660000 -0.0855410000
-0.0578870000 -0.0442140000 -0.1331240000
-0.0640960000 -0.0506070000 0.0496440000
-0.0448140000 -0.0615430000 -0.0670060000
0.0205560000 0.0380540000 0.0152650000
0.0382210000 0.0259940000 0.0677610000
-0.0333630000 -0.0689960000 -0.0337840000
0.0548980000 0.0408250000 -0.0142540000
