-0.0348150000 -0.0315070000 0.0765730000
0.0172640000 0.0162350000 -0.1466410000
0.0633690000 0.0558580000 -0.0046340000
-0.0495730000 -0.0587680000 -0.0554840000
-0.0443850000 0.0390610000 -0.0062770000
0.0380150000 -0.0461520000 0.0012700000
0.0246590000 0.0437830000 0.0823930000
-0.0642720000 -0.0260100000 -0.1402900000
0.0320460000 -0.0471990000 -0.0866900000
0.0483790000 -0.0366310000 0.0870300000
-0.0407280000 0.0354660000 -0.0894050000
0.0333080000 0.0276580000 -0.0696110000
-0.0514480000 0.0421910000 0.0863870000
-0.0726140000 -0.0295840000 0.0105770000
-0.0052660000 -0.0623870000 -0.1432740000
-0.0214610000 -0.0743750000 0.0216270000
0.0459180000 0.0081100000 0.0340660000
-0.0704780000 -0.0002980000 -0.0474560000
0.0034470000 -0.0763780000 0.0874920000
0.0022730000 0.0469670000 0.0283490000
0.0052320000 -0.0689380000 -0.0408000000
-0.0389160000 0.0243920000 -0.1446550000
-0.0752440000 -0.0687010000 0.0684320000
-0.0753970000 0.0007740000 0.0577030000
0.0433730000 0.0052490000 -0.0205400000
0.0659050000 0.0558060000 0.0493640000
0.0056100000 0.0424170000 -0.0262520000
0.0367530000 -0.0316980000 -0.1368200000
-0.0430890000 -0.0604160000 -0.1072030000
0.0098290000 -0.0048900000 0.0710880000
0.0288080000 -0.0596860000 0.0478890000
-0.0687580000 -0.0215710000 -0.0914990000
0.0041260000 0.0382290000 -0.1056480000
-0.0161070000 -0.0167110000 -0.1429610000
-0.0515640000 0.0374580000 0.0399490000
0.0415730000 -0.0346080000 -0.0437470000
0.0386700000 0.0037950000 -0.1081500000
-0.0497030000 -0.0613060000 -0.0112590000
-0.0060950000 -0.0694240000 -0.0838470000
0.0495390000 0.0076400000 0.0869230000
-0.0322290000 0.0417690000 -0.0476120000
-0.0328670000 -0.0729070000 0.0641630000
-0.0126900000 0.0250810000 0.0913950000
-0.0762600000 -0.0302570000 0.0869220000
-0.0699560000 0.0119640000 0.0123070000
0.0473900000 0.0564080000 -0.0430390000
-0.0624150000 0.0112190000 -0.1141910000
-0.0565670000 -0.0582370000 0.0339070000
-0.0209170000 0.0502870000 0.0619500000
0.0284740000 0.0309630000 0.0041240000
-0.0419620000 0.0059660000 0.0754330000
0.0433750000 -0.0093240000 -0.0722660000
0.0483140000 -0.0269630000 0.0490720000
-0.0684690000 -0.0352110000 -0.0314080000
0.0085420000 -0.0696870000 -0.0024770000
0.0013920000 -0.0412700000 0.0744610000
-0.0015410000 0.0419480000 -0.0687310000
-0.0411780000 -0.0543590000 -0.1435070000
0.0193320000 -0.0573870000 -0.1181440000
-0.0643640000 0.0119060000 -0.0795090000
-0.0145740000 -0.0103910000 0.0952730000
0.0287380000 0.0341320000 0.0493220000
-0.0728660000 -0.0338570000 0.0526180000
-0.0079840000 0.0385580000 -0.1386960000
0.0481400000 -0.0136640000 0.0080160000
-0.0730480000 0.0160090000 0.0878730000
-0.0008460000 -0.0746010000 0.0539840000
0.0450160000 0.0528320000 0.0236460000
0.0570770000 0.0382470000 0.0761810000
-0.0733430000 -0.0069510000 -0.0147840000
-0.0271720000 -0.0707330000 -0.0342410000
-0.0575640000 0.0264300000 -0.0336560000
-0.0136840000 0.0473130000 -0.0007670000
-0.0504620000 -0.0579480000 0.0866520000
0.0301080000 -0.0613850000 0.0796300000
-0.0672120000 -0.0339930000 -0.0631550000
0.0294940000 0.0263550000 -0.0389480000
-0.0140640000 -0.0684550000 -0.1139180000
-0.0200430000 -0.0563090000 0.0911430000
-0.0313800000 0.0376700000 -0.1183010000
0.0285070000 -0.0557200000 -0.0256450000
0.0258150000 -0.0560740000 -0.0584710000
0.0404390000 -0.0261520000 -0.1072120000
0.0137440000 -0.0137260000 -0.1436640000
-0.0601000000 0.0033980000 -0.1430390000
-0.0036820000 0.0528560000 0.0859850000
-0.0273530000 0.0476530000 0.0264510000
0.0109450000 -0.0701790000 0.0268330000
-0.0349970000 -0.0660630000 -0.0795490000
-0.0620190000 -0.0391170000 -0.1145370000
