-0.0513020000 -0.0216560000 -0.1049790000
0.0159520000 0.0086610000 0.1383740000
0.0447440000 0.0132610000 -0.0030300000
0.0385120000 0.0243240000 -0.1034910000
-0.0322800000 -0.0118590000 0.0541640000
-0.0416530000 0.0249720000 -0.0279550000
0.0078020000 -0.0280940000 -0.0562100000
0.0414270000 -0.0074030000 0.0692350000
-0.0234090000 0.0339750000 -0.0890690000
-0.0021050000 -0.0250400000 0.0034400000
-0.0023280000 0.0280150000 0.0854160000
-0.0037010000 0.0283660000 0.0245600000
0.0180510000 0.0307530000 -0.0505900000
0.0044690000 -0.0228010000 -0.1119660000
-0.0101250000 -0.0208320000 0.1033810000
-0.0437130000 -0.0203280000 -0.0534780000
