-0.0183370000 -0.0312170000 -0.0967480000
0.0114410000 0.0135540000 0.1383900000
0.0428030000 0.0173810000 0.0099590000
-0.0470430000 0.0001700000 -0.0125630000
-0.0122300000 -0.0232760000 0.0632650000
0.0369240000 0.0265930000 -0.0729500000
-0.0439810000 0.0331130000 -0.1065800000
0.0132870000 -0.0263860000 -0.0349290000
0.0434880000 0.0130720000 0.0781900000
-0.0135120000 0.0280870000 0.0306890000
-0.0183610000 0.0325870000 -0.0525260000
0.0373350000 -0.0190400000 -0.1094060000
-0.0097110000 0.0264050000 0.0881620000
0.0108050000 -0.0233450000 0.0168450000
-0.0497990000 -0.0070780000 -0.0636330000
0.0046780000 0.0194610000 -0.1106280000
0.0173550000 -0.0202980000 0.1033700000
0.0038030000 0.0301130000 -0.0120840000
0.0455200000 0.0050350000 -0.0336930000
-0.0393340000 -0.0089310000 0.0309500000
-0.0547380000 -0.0094890000 -0.1082780000
-0.0248910000 -0.0114400000 0.1029750000
0.0427840000 -0.0106580000 0.0425340000
0.0393290000 -0.0191550000 -0.0674730000
-0.0269810000 -0.0254510000 -0.0362530000
0.0232830000 0.0240510000 0.0453280000
-0.0299590000 0.0098600000 0.0617610000
0.0405710000 -0.0169560000 -0.0042620000
-0.0224880000 -0.0240200000 0.0007090000
0.0405690000 0.0171150000 -0.1074960000
0.0219810000 0.0226040000 0.1051690000
0.0054830000 -0.0291670000 -0.0697790000
-0.0294350000 0.0282760000 -0.0007620000
0.0174980000 0.0304130000 -0.0442280000
0.0222440000 -0.0203120000 0.0690020000
0.0031380000 0.0343710000 -0.0793410000
-0.0449490000 0.0253150000 -0.0729580000
-0.0463490000 0.0189940000 -0.0402920000
-0.0228720000 -0.0001900000 -0.1102190000
0.0058030000 -0.0147110000 -0.1108000000
-0.0030270000 -0.0113310000 0.1257760000
-0.0267770000 -0.0272990000 -0.0669770000
0.0174500000 0.0286870000 0.0753570000
0.0139530000 0.0271230000 0.0159630000
0.0330530000 0.0260040000 -0.0165910000
-0.0133500000 -0.0228340000 0.0336450000
-0.0068230000 0.0160060000 0.1153780000
-0.0061640000 0.0261020000 0.0587180000
-0.0160590000 0.0361400000 -0.1003910000
0.0374740000 -0.0006270000 0.1022390000
