-0.0317320000 0.0314900000 -0.0674420000
0.0125550000 -0.0080360000 0.1384540000
0.0434510000 -0.0113130000 0.0197230000
0.0364990000 -0.0215200000 -0.1084710000
-0.0412650000 0.0140940000 0.0187660000
0.0089350000 0.0292950000 0.0731150000
0.0403260000 0.0224290000 -0.0473300000
-0.0368220000 -0.0289800000 -0.1088360000
-0.0095420000 -0.0269670000 -0.0312470000
0.0122760000 0.0337720000 -0.1086410000
-0.0179980000 -0.0221430000 0.0600600000
0.0092720000 0.0288620000 -0.0007840000
0.0348050000 -0.0196780000 0.0780350000
-0.0266100000 0.0055490000 0.1046120000
-0.0484860000 0.0046190000 -0.0293490000
-0.0516530000 0.0182680000 -0.1108080000
0.0309790000 -0.0246210000 -0.0594400000
-0.0021060000 -0.0241950000 0.0154560000
-0.0405690000 -0.0237310000 -0.0640560000
0.0324870000 0.0132640000 0.1062350000
0.0000700000 -0.0301230000 -0.0881190000
-0.0289860000 0.0183040000 0.0586890000
0.0439590000 -0.0107590000 -0.0221050000
0.0423440000 0.0139580000 0.0530090000
0.0422820000 0.0142670000 -0.0878130000
0.0006710000 0.0320420000 -0.0411390000
0.0022600000 -0.0225950000 0.1018950000
-0.0127650000 0.0026960000 -0.1099840000
-0.0377350000 -0.0201660000 -0.0006670000
0.0004740000 0.0273210000 0.0361950000
-0.0264840000 0.0294360000 -0.0119070000
0.0182180000 -0.0204030000 0.0455860000
-0.0224310000 0.0361000000 -0.1014570000
0.0429020000 0.0178400000 -0.0011130000
0.0160860000 0.0325350000 -0.0730720000
0.0007990000 0.0266710000 0.1066880000
-0.0509050000 0.0054550000 -0.0789470000
-0.0360430000 -0.0157940000 0.0323880000
0.0163640000 -0.0246680000 -0.0114600000
0.0182730000 0.0035720000 -0.1105800000
