-0.0481550000 -0.0188800000 -0.0937590000
0.0159520000 0.0086610000 0.1383740000
0.0447570000 0.0130130000 0.0033400000
0.0383640000 0.0243550000 -0.1066400000
-0.0313490000 -0.0098100000 0.0570170000
-0.0370160000 0.0276930000 -0.0214410000
0.0167910000 -0.0270350000 -0.0549310000
0.0404800000 -0.0114640000 0.0724070000
-0.0175510000 0.0342610000 -0.0806430000
-0.0121930000 -0.0250310000 -0.0000880000
0.0068520000 -0.0242010000 -0.1119050000
0.0007980000 0.0282120000 0.0862640000
0.0305910000 0.0283960000 -0.0499230000
-0.0045560000 0.0283840000 0.0250940000
-0.0047130000 -0.0221020000 0.1007530000
-0.0429480000 -0.0200290000 -0.0418660000
0.0244310000 -0.0208170000 0.0291990000
-0.0506940000 0.0235850000 -0.1100270000
-0.0434040000 0.0030310000 0.0157580000
0.0346380000 0.0222180000 0.0450140000
