0.0362870000 -0.0045720000 -0.1117560000
-0.0099550000 0.0046420000 0.1381930000
-0.0439050000 0.0132760000 0.0021680000
0.0435110000 -0.0066710000 0.0516250000
-0.0541120000 0.0184560000 -0.0994040000
0.0366910000 0.0253310000 -0.0294960000
-0.0123340000 -0.0282210000 -0.0547770000
-0.0264310000 -0.0081910000 0.0689060000
0.0065500000 -0.0245520000 0.0045420000
0.0021190000 0.0344540000 -0.0795820000
0.0150520000 0.0271540000 0.0903080000
-0.0182890000 -0.0246960000 -0.1116300000
0.0023720000 0.0274270000 0.0322380000
0.0398910000 -0.0184140000 -0.0599600000
-0.0408340000 0.0275990000 -0.0488380000
0.0104900000 -0.0221850000 0.1003600000
0.0459580000 -0.0017450000 0.0060190000
-0.0073940000 0.0310320000 -0.0181250000
-0.0312420000 -0.0208730000 0.0268370000
-0.0462660000 -0.0129670000 -0.0325280000
-0.0463590000 -0.0188840000 -0.0796970000
0.0413130000 0.0193180000 -0.0778380000
-0.0240090000 0.0179630000 0.1013590000
0.0052160000 -0.0215400000 0.0459600000
0.0142300000 -0.0290390000 -0.0887340000
-0.0156370000 0.0161500000 -0.1102600000
-0.0355330000 0.0182010000 0.0410390000
0.0419860000 -0.0009560000 0.0903700000
0.0320990000 -0.0224510000 -0.0232650000
0.0244510000 0.0310240000 -0.1096530000
-0.0133280000 0.0273190000 0.0682600000
0.0375100000 0.0218350000 0.0312720000
0.0186850000 0.0065550000 0.1180980000
-0.0260010000 -0.0239710000 -0.0070470000
0.0201020000 0.0271970000 0.0020510000
-0.0218710000 -0.0151750000 0.1009670000
0.0094930000 0.0316830000 -0.0474670000
-0.0310940000 0.0323070000 -0.0801240000
-0.0487360000 -0.0117880000 -0.1117910000
0.0324920000 0.0218340000 0.0633290000
0.0302100000 -0.0201860000 0.0262860000
0.0241470000 -0.0215200000 0.0719070000
0.0010170000 -0.0267850000 -0.0264410000
-0.0187950000 0.0290170000 0.0102680000
0.0058100000 -0.0064710000 -0.1103890000
-0.0502410000 0.0097730000 -0.0705610000
-0.0189530000 -0.0293070000 -0.0828940000
0.0452680000 -0.0011730000 -0.0374340000
-0.0358070000 0.0281050000 -0.0208550000
-0.0039850000 -0.0237900000 0.0758340000
0.0150570000 -0.0270220000 -0.0507340000
0.0394220000 -0.0183040000 -0.0881050000
-0.0155210000 0.0331120000 -0.0578700000
-0.0344050000 0.0351390000 -0.1068530000
-0.0382180000 -0.0241540000 -0.0551610000
0.0022970000 -0.0129800000 0.1234850000
-0.0000880000 0.0225610000 0.1106410000
0.0339760000 0.0276700000 -0.0547680000
-0.0240350000 -0.0256370000 -0.0324470000
-0.0000490000 0.0354280000 -0.1057100000
-0.0195730000 -0.0214730000 0.0488150000
0.0087400000 0.0253860000 0.0569960000
-0.0421190000 0.0013510000 0.0238520000
0.0309420000 -0.0215000000 0.0014660000
0.0421610000 0.0192580000 -0.0061820000
-0.0452460000 -0.0088330000 -0.0082360000
0.0234320000 -0.0251380000 -0.1108580000
-0.0073650000 -0.0236050000 0.0248330000
-0.0480650000 0.0109310000 -0.0332220000
-0.0369360000 -0.0049140000 0.0465830000
-0.0384890000 -0.0295010000 -0.0994670000
0.0411790000 0.0165520000 -0.1011750000
-0.0140190000 0.0019610000 0.1153790000
0.0300020000 -0.0112070000 0.1075100000
0.0446170000 0.0048610000 -0.0599140000
0.0457140000 0.0001780000 0.0292610000
0.0154600000 0.0292930000 -0.0211700000
0.0239870000 0.0317750000 -0.0865590000
0.0318560000 0.0166540000 0.1021300000
0.0109760000 0.0140250000 0.1383210000
