-0.0395860000 0.0247630000 -0.0093090000
0.0154290000 -0.0047190000 0.1383690000
0.0357410000 -0.0202870000 -0.1102510000
0.0438160000 -0.0084910000 0.0400300000
-0.0512650000 0.0260510000 -0.1072300000
0.0398180000 0.0230500000 -0.0381980000
-0.0257690000 0.0108280000 0.0725150000
-0.0218610000 -0.0276860000 -0.0613490000
0.0102050000 0.0350960000 -0.0930500000
-0.0015770000 -0.0252930000 -0.0012680000
0.0300370000 0.0232910000 0.0881620000
0.0032900000 0.0277030000 0.0267990000
-0.0427410000 -0.0262780000 -0.1101690000
0.0306190000 -0.0245830000 -0.0581730000
-0.0296650000 0.0314960000 -0.0600020000
0.0121360000 -0.0242810000 0.0783390000
-0.0395540000 -0.0098050000 0.0284220000
0.0435570000 -0.0120080000 -0.0070430000
-0.0416570000 -0.0191740000 -0.0215630000
-0.0043880000 -0.0029540000 -0.1100300000
-0.0161950000 -0.0106040000 0.1089850000
0.0027430000 0.0304890000 -0.0168070000
0.0432030000 0.0103020000 -0.0806160000
-0.0509680000 -0.0010010000 -0.0755130000
-0.0017720000 -0.0223750000 0.0397820000
0.0398730000 0.0211610000 0.0140350000
-0.0051940000 0.0264710000 0.1042510000
0.0064050000 -0.0298150000 -0.0861690000
0.0078390000 0.0323840000 -0.0548720000
0.0321120000 -0.0096190000 0.1057270000
-0.0313240000 0.0243260000 0.0389080000
0.0296460000 0.0229420000 0.0516550000
0.0030510000 -0.0272180000 -0.0362120000
-0.0486990000 0.0100860000 -0.0400730000
-0.0175390000 0.0286650000 -0.1116940000
0.0431500000 -0.0049110000 0.0739110000
0.0329130000 0.0182670000 -0.1118360000
0.0021500000 0.0293400000 0.0699570000
-0.0182110000 -0.0204310000 0.0677010000
0.0246870000 -0.0216890000 0.0174960000
0.0445380000 -0.0070900000 -0.0370770000
-0.0087790000 0.0107010000 0.1296690000
-0.0336740000 0.0026440000 -0.1107390000
-0.0139610000 -0.0306010000 -0.1074060000
-0.0220960000 0.0310850000 -0.0314260000
0.0175350000 0.0133040000 0.1159470000
-0.0295720000 -0.0227190000 0.0047560000
-0.0459360000 -0.0167040000 -0.0501160000
-0.0154570000 0.0295150000 0.0051300000
-0.0319700000 0.0324800000 -0.0880690000
0.0299730000 0.0263990000 -0.0122910000
-0.0454900000 -0.0004090000 0.0007950000
-0.0397420000 -0.0252350000 -0.0827080000
0.0222370000 -0.0196200000 0.0529780000
-0.0285400000 0.0121740000 0.0998250000
0.0401570000 -0.0169010000 -0.0829470000
0.0079730000 -0.0220450000 0.1052120000
0.0215050000 -0.0242360000 -0.0165290000
0.0328470000 0.0285200000 -0.0637420000
-0.0087340000 0.0344790000 -0.0751640000
-0.0341750000 -0.0047700000 0.0535750000
-0.0556330000 -0.0063490000 -0.1002640000
0.0105500000 -0.0248970000 -0.1117740000
-0.0397310000 0.0195570000 0.0154780000
-0.0222070000 -0.0260680000 -0.0361380000
0.0044370000 -0.0286940000 -0.0612170000
0.0457190000 -0.0031660000 0.0159850000
-0.0086030000 0.0269200000 0.0481790000
0.0455120000 0.0090400000 -0.0189550000
0.0445850000 0.0078230000 -0.0565590000
