0.0030960000 -0.0221770000 0.0393010000
-0.0463760000 0.0278760000 -0.1110230000
0.0422330000 -0.0131590000 -0.0622510000
0.0044970000 0.0159410000 0.1383490000
-0.0394240000 0.0263610000 -0.0221570000
-0.0277220000 -0.0272510000 -0.0689050000
0.0361660000 0.0243470000 -0.0025450000
0.0401410000 0.0191530000 0.0797270000
0.0220000000 0.0312950000 -0.1099260000
-0.0222550000 0.0154830000 0.0821320000
0.0040870000 -0.0262650000 -0.0195200000
0.0128570000 -0.0267320000 -0.1110130000
0.0077300000 0.0323450000 -0.0541450000
-0.0166600000 0.0281200000 0.0280990000
0.0121120000 -0.0219080000 0.1005330000
-0.0397910000 -0.0163440000 0.0087660000
-0.0488580000 -0.0197320000 -0.1109060000
0.0453470000 -0.0009510000 0.0366330000
-0.0492580000 0.0143560000 -0.0664030000
-0.0457950000 -0.0142400000 -0.0330110000
-0.0353050000 -0.0086230000 0.0498910000
0.0433630000 -0.0124140000 -0.0206160000
-0.0103510000 0.0067100000 -0.1098860000
-0.0020170000 0.0303940000 -0.0103420000
-0.0194250000 0.0341830000 -0.0828110000
0.0170880000 0.0247950000 0.0480380000
0.0420830000 -0.0020400000 -0.1019850000
0.0419010000 0.0199240000 -0.0414150000
0.0089750000 0.0268050000 0.1018050000
0.0338010000 -0.0171170000 0.0693110000
