-0.0180140000 -0.0262740000 -0.0290670000
0.0114410000 0.0135540000 0.1383900000
0.0349990000 0.0259560000 -0.1102180000
0.0419890000 0.0164560000 0.0412490000
-0.0555560000 0.0048410000 -0.1082370000
-0.0350980000 -0.0100040000 0.0493690000
0.0384930000 0.0242610000 -0.0342990000
0.0008980000 -0.0312310000 -0.0948810000
-0.0234760000 0.0323380000 -0.0582500000
0.0165340000 -0.0230590000 0.0857080000
-0.0113590000 0.0296640000 0.0050890000
0.0315780000 -0.0214420000 -0.0003700000
-0.0137360000 0.0247400000 0.0887030000
0.0310380000 -0.0242220000 -0.0526010000
-0.0148710000 0.0351210000 -0.1084570000
-0.0493790000 -0.0088120000 -0.0617790000
0.0336810000 0.0211900000 0.0882740000
-0.0447810000 -0.0042700000 0.0032900000
0.0091010000 -0.0216230000 0.0399510000
0.0000800000 0.0265800000 0.0473000000
0.0407480000 -0.0141460000 -0.0945070000
-0.0217340000 -0.0147320000 0.1032820000
0.0175070000 0.0322320000 -0.0717400000
-0.0403200000 0.0256660000 -0.0225710000
0.0285140000 0.0257440000 0.0041290000
-0.0384770000 -0.0293170000 -0.0982130000
-0.0127600000 -0.0245170000 0.0083580000
0.0014150000 0.0313550000 -0.0302510000
0.0059710000 0.0024970000 -0.1101860000
-0.0340130000 0.0230010000 0.0333080000
0.0442610000 0.0068060000 -0.0653920000
-0.0189710000 -0.0283100000 -0.0651480000
0.0387610000 -0.0145440000 0.0586110000
-0.0419550000 0.0293800000 -0.0874160000
0.0270900000 -0.0033630000 0.1121690000
-0.0133180000 -0.0220640000 0.0715120000
0.0447000000 -0.0074490000 -0.0273420000
-0.0470140000 -0.0097940000 -0.0291210000
0.0135750000 -0.0258560000 -0.0263090000
0.0102940000 0.0249090000 0.1090750000
0.0426240000 -0.0124590000 0.0275320000
-0.0247110000 -0.0036910000 -0.1101770000
-0.0001180000 -0.0125220000 0.1258030000
-0.0276830000 0.0168310000 0.0624110000
0.0414160000 -0.0075390000 0.0869350000
-0.0473000000 0.0180710000 -0.0495850000
0.0461780000 0.0031140000 0.0032350000
0.0105240000 0.0292290000 0.0737480000
-0.0137740000 0.0105010000 0.1131910000
-0.0388340000 0.0232740000 0.0054390000
-0.0083830000 0.0347600000 -0.0814650000
0.0204590000 -0.0215550000 -0.1119870000
0.0083690000 -0.0288530000 -0.0681620000
-0.0345390000 -0.0193560000 0.0236820000
0.0114790000 0.0348380000 -0.1002540000
0.0094290000 0.0272930000 0.0225100000
0.0388620000 0.0242210000 -0.0844640000
-0.0255370000 -0.0004110000 0.0818020000
0.0421940000 0.0101190000 0.0661800000
-0.0509880000 0.0056680000 -0.0828650000
