0.0134250000 -0.0248930000 -0.0098210000
0.0003690000 0.0153840000 0.1383670000
-0.0475260000 0.0280180000 -0.1104220000
0.0378580000 -0.0205910000 -0.1050520000
-0.0297000000 0.0219150000 0.0537170000
0.0407030000 -0.0121060000 0.0740090000
-0.0414350000 0.0257080000 -0.0326050000
0.0266560000 0.0294520000 -0.0546070000
-0.0249730000 -0.0280650000 -0.0748340000
0.0339660000 0.0236540000 0.0233670000
-0.0150060000 -0.0194410000 0.0933050000
0.0111730000 0.0314230000 -0.1111000000
-0.0403950000 -0.0152490000 0.0095260000
0.0007080000 -0.0221400000 0.0415130000
0.0104320000 0.0278960000 0.0887220000
0.0383990000 -0.0203540000 -0.0540360000
-0.0129380000 0.0294760000 0.0077290000
-0.0178120000 0.0338450000 -0.0731660000
0.0456540000 0.0078780000 -0.0182960000
-0.0508030000 -0.0173270000 -0.1104590000
-0.0432300000 -0.0189420000 -0.0350740000
-0.0058030000 -0.0096940000 -0.1103770000
-0.0506010000 0.0061820000 -0.0699530000
0.0219090000 -0.0109150000 0.1121330000
0.0382480000 -0.0177860000 0.0239530000
0.0416960000 0.0166700000 -0.0897080000
-0.0245970000 0.0172670000 0.1017520000
-0.0029290000 0.0315630000 -0.0295140000
0.0014360000 -0.0278500000 -0.0465450000
0.0080830000 0.0257080000 0.0508760000
-0.0344640000 -0.0134950000 0.0461050000
0.0106540000 -0.0293160000 -0.0817510000
