0.0453510000 -0.0014350000 -0.0334640000
-0.0104890000 0.0025060000 0.1381470000
-0.0540890000 0.0125500000 -0.1096990000
-0.0402840000 0.0029510000 0.0334960000
0.0431970000 0.0042570000 0.0662760000
0.0222710000 -0.0236240000 -0.1116380000
-0.0315330000 -0.0249650000 -0.0419980000
0.0041680000 0.0341610000 -0.0766460000
-0.0065540000 0.0307410000 -0.0133050000
0.0145360000 -0.0229600000 0.0171410000
-0.0103140000 -0.0219700000 0.0812030000
-0.0044120000 0.0289450000 0.0654440000
-0.0430670000 0.0259710000 -0.0531820000
-0.0269570000 -0.0294570000 -0.0944410000
0.0376890000 0.0228790000 0.0120540000
0.0140620000 -0.0278950000 -0.0622740000
0.0217490000 0.0223570000 0.1065920000
0.0385490000 0.0222050000 -0.1088320000
-0.0466860000 0.0062270000 -0.0118580000
-0.0102340000 0.0085100000 -0.1098860000
-0.0274730000 0.0138790000 0.0995390000
0.0437780000 -0.0013880000 -0.0752220000
0.0273270000 -0.0176200000 0.0974620000
0.0046580000 -0.0263940000 -0.0225090000
-0.0249510000 -0.0234430000 0.0063420000
0.0001630000 0.0280510000 0.0258430000
0.0214000000 0.0295780000 -0.0411340000
-0.0502330000 -0.0065840000 -0.0732850000
-0.0132160000 -0.0222520000 0.0431480000
-0.0313100000 0.0326270000 -0.0879500000
0.0444760000 -0.0072590000 0.0317070000
0.0181600000 -0.0198540000 0.0597020000
-0.0287910000 0.0036150000 0.0662840000
-0.0309810000 0.0273430000 0.0110250000
0.0420620000 -0.0148180000 -0.0017570000
0.0273680000 0.0235470000 0.0443130000
-0.0111400000 0.0327180000 -0.0474450000
-0.0016610000 -0.0162440000 0.1121260000
0.0087730000 0.0343120000 -0.1082300000
0.0342740000 0.0282770000 -0.0699250000
0.0191400000 0.0002070000 0.1287000000
0.0249050000 0.0274820000 0.0758010000
-0.0516070000 -0.0182310000 -0.1093620000
-0.0493670000 -0.0008410000 -0.0409930000
-0.0247530000 0.0264420000 0.0436500000
0.0026320000 -0.0300550000 -0.0900130000
0.0391270000 0.0231960000 -0.0178000000
-0.0157070000 -0.0287640000 -0.0666860000
-0.0332140000 0.0289620000 -0.0255630000
0.0318270000 -0.0255290000 -0.0847780000
0.0287060000 -0.0240010000 -0.0380260000
-0.0027620000 0.0273800000 0.0936320000
0.0418340000 -0.0053950000 -0.1031480000
0.0170720000 0.0044890000 -0.1105380000
0.0405320000 0.0066740000 0.0935120000
-0.0402510000 -0.0199910000 -0.0164310000
-0.0087570000 -0.0182680000 -0.1112930000
-0.0017310000 0.0171300000 0.1179570000
-0.0250660000 -0.0123010000 0.1005990000
-0.0176590000 0.0336040000 -0.1102960000
0.0136720000 0.0280550000 0.0032300000
-0.0433850000 -0.0067540000 0.0103160000
-0.0485260000 0.0183390000 -0.0765040000
0.0424670000 0.0184430000 -0.0482600000
