-0.0262220000 0.0262480000 0.0423050000
0.0344460000 -0.0197710000 -0.1111980000
0.0148070000 -0.0057790000 0.1383780000
-0.0470540000 0.0201960000 -0.0597510000
0.0419780000 -0.0152820000 -0.0139370000
0.0423970000 -0.0062130000 0.0644340000
-0.0358200000 -0.0282470000 -0.1098480000
-0.0280450000 -0.0237200000 -0.0079750000
0.0225630000 0.0308630000 -0.0639470000
-0.0157000000 -0.0181620000 0.0851330000
-0.0159140000 0.0297120000 -0.1116280000
0.0017100000 -0.0287880000 -0.0607480000
0.0035230000 0.0299170000 -0.0084100000
0.0127600000 0.0269680000 0.0951990000
0.0018580000 -0.0225490000 0.0353180000
0.0411790000 0.0192070000 0.0219980000
0.0322120000 0.0276470000 -0.1103210000
-0.0428090000 0.0209040000 -0.0125900000
0.0432380000 -0.0097490000 -0.0604390000
-0.0555370000 0.0111460000 -0.1025230000
-0.0408130000 -0.0226300000 -0.0505000000
0.0140690000 0.0249330000 0.0534890000
0.0236240000 -0.0188120000 0.0997080000
-0.0381280000 -0.0124040000 0.0310880000
0.0392880000 0.0233760000 -0.0271580000
-0.0249110000 0.0162900000 0.1027110000
-0.0125410000 0.0325070000 -0.0447420000
-0.0026490000 -0.0070640000 -0.1102560000
0.0066780000 -0.0263600000 -0.0232950000
0.0374040000 -0.0183490000 0.0234620000
-0.0214030000 0.0337200000 -0.0779840000
0.0125670000 -0.0217520000 0.0674190000
-0.0129590000 0.0267280000 0.0733040000
-0.0485080000 -0.0143360000 -0.0818550000
-0.0307840000 -0.0012590000 0.0612730000
-0.0088740000 -0.0093760000 0.1160090000
0.0430440000 0.0043400000 -0.0901030000
0.0399650000 0.0090210000 0.0933510000
0.0005040000 0.0281180000 0.0240320000
0.0102840000 -0.0303870000 -0.0919240000
0.0076770000 0.0346840000 -0.0912770000
-0.0198120000 -0.0292090000 -0.0830820000
-0.0410840000 0.0153460000 0.0176080000
-0.0473160000 -0.0070160000 -0.0249460000
0.0126600000 -0.0238830000 0.0065440000
0.0036280000 0.0175250000 0.1225200000
0.0300500000 -0.0237310000 -0.0394190000
-0.0299900000 -0.0007340000 -0.1105060000
-0.0402430000 0.0341540000 -0.0987240000
0.0407710000 0.0174680000 0.0499210000
-0.0205960000 0.0291480000 0.0050240000
0.0355270000 -0.0235680000 -0.0831340000
-0.0185880000 -0.0263710000 -0.0343490000
0.0145610000 0.0303530000 -0.0371500000
0.0454030000 0.0104950000 -0.0035340000
0.0430570000 0.0164500000 -0.0533000000
-0.0128870000 -0.0214250000 0.0581240000
-0.0174860000 -0.0237170000 0.0167660000
0.0302350000 0.0252080000 0.0746440000
-0.0447320000 -0.0056730000 0.0019940000
0.0242930000 0.0036400000 0.1138490000
0.0215330000 0.0035840000 -0.1106890000
-0.0373600000 0.0285670000 -0.0370450000
0.0453290000 -0.0011090000 -0.0349190000
0.0285590000 -0.0192080000 0.0474750000
-0.0106730000 0.0031160000 0.1380710000
0.0262690000 0.0262300000 0.0019760000
-0.0108250000 -0.0307260000 -0.1068460000
-0.0188070000 0.0307670000 -0.0200080000
0.0355220000 0.0279960000 -0.0852430000
-0.0545310000 -0.0130580000 -0.1059080000
-0.0498320000 -0.0003310000 -0.0477650000
-0.0282940000 -0.0071760000 0.1019460000
-0.0007190000 0.0338290000 -0.0665080000
0.0448190000 -0.0037320000 0.0404740000
0.0249310000 -0.0261130000 -0.0621750000
0.0062890000 0.0223310000 -0.1109520000
-0.0506150000 0.0089130000 -0.0795080000
-0.0254160000 0.0060050000 0.0822630000
0.0011810000 -0.0227000000 0.0999610000
0.0323430000 -0.0205900000 0.0789040000
-0.0208740000 -0.0277460000 -0.0604110000
0.0214000000 0.0250250000 0.0319910000
-0.0382760000 0.0075770000 0.0412590000
-0.0061700000 -0.0255080000 -0.0048600000
0.0128160000 -0.0223950000 -0.1119560000
0.0086180000 0.0292340000 0.0739960000
-0.0202830000 -0.0221280000 0.0379180000
-0.0072100000 0.0265780000 0.0526550000
-0.0058980000 0.0261350000 0.1055330000
