0.0435360000 0.0066630000 -0.0801260000
-0.0095660000 -0.0027510000 0.1382830000
-0.0434930000 -0.0020680000 0.0141740000
-0.0549780000 -0.0097140000 -0.1075770000
0.0440640000 0.0043330000 0.0570170000
0.0253780000 -0.0232700000 -0.0119490000
-0.0231540000 0.0319960000 -0.0511020000
-0.0197710000 0.0205820000 0.0749350000
-0.0086200000 -0.0291970000 -0.0665280000
-0.0059280000 0.0300150000 -0.1117160000
0.0085570000 0.0279180000 0.0147560000
0.0099440000 -0.0232170000 0.0907940000
0.0013710000 -0.0224460000 0.0369330000
0.0364240000 0.0255190000 -0.0307790000
0.0168230000 -0.0246850000 -0.1115400000
-0.0470410000 -0.0117340000 -0.0366960000
0.0193960000 0.0234470000 0.1065970000
0.0459910000 0.0058510000 0.0134200000
-0.0435560000 0.0280540000 -0.0895090000
-0.0171980000 -0.0252130000 -0.0097220000
-0.0268050000 0.0292210000 -0.0088430000
0.0314030000 -0.0242050000 -0.0536290000
0.0118250000 0.0331860000 -0.0736800000
-0.0271480000 -0.0093910000 0.1017200000
-0.0336260000 -0.0102000000 0.0525960000
-0.0256040000 0.0267920000 0.0358090000
-0.0216060000 -0.0310190000 -0.1040900000
0.0115650000 0.0252300000 0.0529560000
0.0322380000 0.0261220000 -0.1111620000
-0.0447280000 -0.0208060000 -0.0728980000
0.0403700000 -0.0037470000 0.0931070000
0.0022150000 0.0311430000 -0.0275560000
0.0348120000 -0.0188060000 0.0339440000
-0.0493550000 0.0125950000 -0.0599060000
-0.0236310000 0.0015700000 -0.1102640000
-0.0135480000 0.0202420000 0.1074880000
0.0035360000 -0.0272070000 -0.0361100000
0.0162060000 -0.0066840000 0.1181620000
0.0449700000 -0.0055230000 -0.0310330000
0.0352260000 -0.0238150000 -0.0852490000
0.0316470000 0.0253660000 0.0773880000
0.0405590000 -0.0043000000 -0.1094440000
0.0243840000 -0.0191590000 0.0633520000
-0.0091740000 -0.0235910000 0.0665120000
-0.0458610000 0.0181510000 -0.0301130000
-0.0228250000 -0.0229870000 0.0194940000
0.0093950000 0.0044970000 -0.1102750000
0.0354410000 0.0225090000 0.0355170000
-0.0167720000 0.0342770000 -0.0794860000
0.0366860000 0.0264310000 -0.0600600000
0.0319930000 0.0254680000 -0.0022430000
0.0052110000 -0.0243820000 0.0082200000
-0.0238520000 -0.0262730000 -0.0425270000
0.0134740000 0.0124350000 0.1380760000
0.0048730000 0.0285080000 0.0841800000
-0.0428020000 -0.0155140000 -0.0093850000
0.0090000000 -0.0295590000 -0.0864600000
-0.0512180000 0.0026130000 -0.0842120000
-0.0497270000 0.0155820000 -0.1116650000
-0.0251860000 -0.0050850000 0.0764770000
-0.0379380000 0.0227860000 0.0134870000
0.0445780000 -0.0022040000 -0.0563700000
0.0389390000 -0.0180110000 0.0088330000
0.0336390000 0.0292110000 -0.0858470000
-0.0308930000 0.0321920000 -0.1107470000
-0.0049940000 -0.0172070000 0.1100960000
0.0151090000 0.0311070000 -0.0489660000
-0.0456540000 0.0101020000 -0.0070260000
0.0134350000 0.0346590000 -0.0978070000
-0.0322940000 0.0136300000 0.0553640000
0.0457570000 0.0078000000 -0.0106620000
-0.0050590000 -0.0153890000 -0.1109300000
-0.0151510000 0.0291280000 0.0122750000
-0.0434490000 -0.0264950000 -0.0958190000
-0.0117150000 0.0264240000 0.0541270000
-0.0396740000 0.0072440000 0.0347200000
-0.0123060000 -0.0207710000 0.0889430000
-0.0247260000 -0.0284870000 -0.0820970000
-0.0379780000 0.0301060000 -0.0677960000
-0.0019530000 0.0301370000 -0.0057580000
0.0455490000 0.0005560000 0.0349790000
-0.0017560000 0.0276010000 0.0343590000
-0.0279260000 0.0109780000 0.0934630000
0.0130340000 -0.0281570000 -0.0648180000
-0.0197950000 0.0312260000 -0.0296700000
0.0322780000 0.0064830000 0.1105320000
0.0039990000 -0.0259950000 -0.0145150000
-0.0198140000 -0.0219210000 0.0408620000
-0.0047220000 0.0148430000 0.1268370000
0.0318400000 -0.0229640000 -0.0322560000
0.0413060000 -0.0097840000 0.0725720000
0.0106040000 -0.0096600000 0.1383730000
-0.0372710000 -0.0138930000 0.0319010000
0.0327580000 0.0221230000 0.0565300000
0.0264530000 -0.0164090000 0.1026630000
-0.0035750000 0.0334870000 -0.0597160000
-0.0144430000 0.0006200000 0.1147790000
-0.0492580000 -0.0082920000 -0.0569130000
0.0431410000 -0.0130010000 -0.0117720000
-0.0339260000 -0.0159660000 -0.1104740000
0.0445050000 0.0095880000 0.0783590000
0.0203550000 0.0284210000 -0.0187260000
0.0172160000 -0.0220270000 0.0243140000
-0.0318400000 -0.0239640000 -0.0240840000
0.0418620000 0.0132280000 -0.0990560000
-0.0286640000 -0.0266640000 -0.0620440000
0.0357210000 -0.0233460000 -0.1054080000
0.0286800000 -0.0208630000 0.0830620000
-0.0420970000 0.0265360000 -0.0478750000
0.0437910000 0.0146890000 -0.0458720000
0.0277590000 0.0250220000 0.0176510000
0.0398380000 -0.0142090000 0.0521120000
0.0067540000 -0.0209430000 0.0555530000
0.0355890000 0.0167580000 0.0942570000
0.0424280000 -0.0110540000 -0.0731420000
0.0169230000 0.0256000000 0.0333310000
-0.0174880000 0.0362850000 -0.0982970000
-0.0377350000 -0.0188780000 0.0084690000
-0.0029740000 -0.0310380000 -0.1006330000
-0.0480120000 0.0002060000 -0.0224820000
-0.0131910000 -0.0265580000 -0.0276410000
0.0273710000 0.0083140000 -0.1108810000
-0.0493740000 0.0055160000 -0.0431020000
0.0421610000 -0.0081500000 -0.0914190000
-0.0087840000 0.0121010000 -0.1100090000
0.0153940000 0.0117410000 0.1199230000
0.0146250000 0.0218630000 -0.1108790000
0.0023070000 0.0271660000 0.1021930000
