0.0311930000 -0.0065260000 0.1100660000
-0.0509620000 0.0177190000 -0.1112470000
0.0438460000 -0.0111150000 -0.0223710000
-0.0381740000 0.0140280000 0.0357410000
0.0400100000 0.0158170000 -0.1092520000
-0.0381490000 -0.0232020000 -0.0393170000
0.0344500000 0.0224200000 0.0423870000
-0.0001350000 0.0330030000 -0.0545780000
-0.0066400000 -0.0312780000 -0.0984990000
-0.0306410000 0.0067230000 0.0991630000
0.0044870000 -0.0235400000 0.0203280000
0.0008020000 0.0296470000 -0.0005020000
0.0376600000 -0.0213530000 -0.0731090000
0.0003710000 -0.0244630000 0.0717770000
-0.0413970000 0.0251280000 -0.0269720000
-0.0054050000 0.0357300000 -0.1039380000
-0.0026040000 0.0140820000 0.1383280000
0.0101450000 0.0283770000 0.0837810000
-0.0471910000 -0.0176190000 -0.0832660000
0.0063780000 -0.0273730000 -0.0415160000
-0.0377840000 -0.0193390000 0.0052460000
0.0420100000 0.0191320000 -0.0554920000
-0.0404950000 0.0292890000 -0.0705270000
0.0403010000 -0.0103730000 0.0686490000
0.0437250000 -0.0107020000 0.0194160000
0.0294340000 -0.0220910000 -0.1115680000
0.0396550000 0.0221200000 -0.0018720000
-0.0036370000 0.0268130000 0.0471550000
-0.0256740000 -0.0211570000 0.0436840000
-0.0044700000 -0.0189660000 0.1088190000
-0.0183710000 0.0016690000 -0.1100850000
0.0224310000 0.0319180000 -0.0826780000
-0.0181090000 -0.0284970000 -0.0665990000
-0.0087240000 -0.0258730000 -0.0107470000
-0.0324500000 0.0273660000 0.0053790000
0.0219950000 0.0287530000 -0.0298350000
-0.0288580000 0.0032920000 0.0661020000
-0.0499190000 0.0045350000 -0.0515220000
0.0393970000 0.0155320000 0.0876300000
-0.0350090000 -0.0258940000 -0.1111650000
0.0194270000 -0.0202010000 0.0474260000
0.0215840000 -0.0235470000 -0.0052320000
0.0137170000 0.0192850000 0.1129070000
0.0120500000 0.0033010000 -0.1103610000
-0.0473250000 -0.0030860000 -0.0183190000
-0.0121370000 0.0315460000 -0.0274640000
0.0434670000 0.0058200000 -0.0821660000
0.0097720000 -0.0290890000 -0.0749480000
0.0115130000 -0.0099430000 0.1309030000
-0.0333130000 0.0352090000 -0.0976690000
0.0127950000 0.0267420000 0.0245490000
0.0337050000 -0.0231820000 -0.0457040000
0.0224140000 -0.0215580000 0.0883470000
-0.0146540000 0.0260970000 0.0722250000
-0.0141520000 0.0344050000 -0.0780770000
-0.0108660000 0.0253410000 0.1014790000
-0.0507180000 0.0090240000 -0.0854420000
-0.0201500000 -0.0139500000 0.0856780000
-0.0551790000 -0.0087460000 -0.1073250000
0.0442090000 0.0145590000 -0.0282520000
0.0448760000 -0.0016450000 0.0442630000
0.0199850000 0.0326150000 -0.1087860000
-0.0134320000 0.0285370000 0.0232260000
-0.0272090000 0.0313000000 -0.0484500000
-0.0439040000 0.0051370000 0.0113620000
-0.0128620000 0.0035750000 0.1171150000
0.0276140000 0.0226800000 0.0664180000
0.0440070000 0.0140620000 0.0209610000
-0.0194370000 -0.0233050000 0.0201300000
0.0443090000 -0.0046000000 -0.0574220000
-0.0154940000 -0.0266220000 -0.0331740000
-0.0394140000 -0.0103790000 0.0282720000
-0.0465180000 -0.0168460000 -0.0600730000
0.0460280000 -0.0004810000 -0.0012630000
-0.0321180000 -0.0234990000 -0.0169980000
-0.0263190000 0.0251670000 0.0521690000
-0.0274460000 -0.0282730000 -0.0887720000
0.0221710000 0.0306140000 -0.0593640000
-0.0028670000 -0.0222570000 0.0421060000
0.0070000000 -0.0186970000 -0.1112670000
0.0419130000 -0.0053000000 -0.1017170000
0.0255940000 -0.0279490000 -0.0904990000
0.0254700000 -0.0208760000 0.0263560000
-0.0198340000 -0.0204690000 0.0647360000
0.0402090000 -0.0074690000 0.0901760000
0.0228250000 -0.0246090000 -0.0269730000
-0.0445260000 0.0152970000 -0.0076160000
-0.0211180000 0.0230060000 -0.1109920000
0.0202290000 0.0278200000 -0.0079730000
-0.0367270000 -0.0039790000 0.0480600000
0.0429520000 0.0091890000 0.0619020000
0.0208450000 -0.0200480000 0.0679510000
0.0164650000 0.0098440000 0.1307530000
-0.0071890000 -0.0058220000 0.1377540000
0.0321940000 0.0134730000 0.1065710000
0.0160980000 -0.0198840000 0.1077350000
0.0077840000 0.0252740000 0.0638790000
0.0390570000 0.0237770000 -0.0906390000
-0.0384610000 0.0018130000 -0.1108300000
-0.0178170000 0.0301380000 -0.0080330000
