-0.0292420000 0.0048630000 -0.0219830000
0.0783410000 -0.0193970000 0.0285140000
0.0313220000 0.0731340000 0.0274300000
-0.0042890000 -0.0815630000 0.0288360000
-0.0470740000 0.0632020000 0.0282380000
-0.0701270000 -0.0384280000 0.0292800000
0.0425060000 0.0200200000 -0.0217180000
0.0185060000 -0.0435910000 -0.0224470000
-0.0061030000 0.0557720000 -0.0117890000
-0.0781530000 0.0168950000 0.0267300000
0.0718390000 0.0355870000 0.0268880000
0.0482780000 -0.0653120000 0.0273800000
-0.0341000000 -0.0478820000 -0.0100840000
0.0551410000 -0.0211480000 -0.0098140000
-0.0527820000 0.0344250000 -0.0026190000
-0.0631080000 -0.0106890000 -0.0017870000
-0.0091610000 0.0783550000 0.0275760000
-0.0430020000 -0.0687980000 0.0280570000
0.0101440000 -0.0040770000 -0.0222930000
0.0313080000 0.0528100000 -0.0052240000
0.0191150000 -0.0660170000 0.0060060000
0.0663400000 0.0095870000 0.0035240000
0.0105580000 0.0296900000 -0.0237930000
-0.0113650000 -0.0286600000 -0.0236030000
-0.0281700000 0.0360740000 -0.0222510000
-0.0118570000 -0.0660410000 0.0024600000
0.0449230000 -0.0486380000 0.0007480000
-0.0324330000 0.0569080000 0.0026660000
-0.0430100000 -0.0213150000 -0.0207910000
0.0549430000 0.0368770000 0.0027260000
0.0098180000 0.0670770000 0.0092640000
-0.0795560000 -0.0116860000 0.0275400000
-0.0669390000 0.0430260000 0.0270870000
-0.0562020000 -0.0373600000 0.0044040000
0.0611740000 -0.0408060000 0.0223900000
0.0549000000 0.0579930000 0.0269620000
0.0798580000 0.0085480000 0.0283890000
0.0320330000 -0.0199710000 -0.0241990000
0.0237610000 -0.0768110000 0.0298620000
-0.0537460000 0.0108640000 -0.0140490000
