0.0123030000 -0.0006180000 -0.0231330000
-0.0801790000 -0.0010360000 0.0282930000
-0.0188400000 -0.0790250000 0.0290970000
-0.0193360000 0.0763680000 0.0280480000
0.0642830000 -0.0487070000 0.0289160000
0.0640010000 0.0473560000 0.0280700000
-0.0427910000 -0.0349640000 -0.0139840000
-0.0434620000 0.0324350000 -0.0140070000
0.0199150000 -0.0567680000 -0.0088470000
0.0197310000 0.0550910000 -0.0090750000
0.0643870000 -0.0009220000 -0.0015020000
-0.0637890000 -0.0484010000 0.0294740000
-0.0612850000 0.0491980000 0.0290250000
0.0276970000 -0.0747840000 0.0302300000
0.0291200000 0.0724430000 0.0285570000
0.0415760000 0.0248160000 -0.0200050000
0.0413820000 -0.0264400000 -0.0203310000
-0.0606220000 -0.0014500000 -0.0053170000
-0.0263000000 -0.0013990000 -0.0231210000
-0.0061940000 -0.0337810000 -0.0238350000
-0.0070080000 0.0322210000 -0.0237500000
-0.0194370000 -0.0610170000 -0.0029330000
0.0787500000 0.0138050000 0.0286910000
-0.0209770000 0.0584850000 -0.0035430000
0.0781350000 -0.0190030000 0.0267460000
0.0470410000 -0.0464710000 0.0029310000
-0.0665040000 0.0229330000 0.0130850000
0.0471700000 0.0458930000 0.0022270000
-0.0624850000 -0.0285040000 0.0073120000
0.0040790000 -0.0711740000 0.0121980000
0.0044600000 0.0686890000 0.0121860000
-0.0390000000 -0.0600450000 0.0188310000
0.0634790000 0.0246920000 0.0085060000
-0.0381100000 0.0589020000 0.0181290000
0.0473420000 -0.0008460000 -0.0221420000
0.0634850000 -0.0262680000 0.0062060000
0.0183280000 0.0342150000 -0.0241460000
-0.0756080000 -0.0259130000 0.0289250000
0.0188030000 -0.0367220000 -0.0243370000
-0.0524660000 0.0423610000 0.0064930000
0.0435220000 -0.0585370000 0.0235970000
-0.0468440000 0.0100910000 -0.0203090000
-0.0458840000 -0.0131480000 -0.0209050000
-0.0023700000 0.0529670000 -0.0153100000
0.0438810000 0.0562420000 0.0226450000
-0.0016110000 -0.0545500000 -0.0154060000
-0.0262490000 0.0211020000 -0.0225120000
-0.0493650000 -0.0461670000 0.0045210000
-0.0263340000 -0.0239160000 -0.0238820000
-0.0071480000 0.0100990000 -0.0222950000
0.0264990000 -0.0654930000 0.0102420000
-0.0067950000 -0.0118490000 -0.0220610000
-0.0237870000 -0.0455430000 -0.0178540000
0.0277730000 0.0622700000 0.0096230000
-0.0247920000 0.0428720000 -0.0182920000
-0.0691310000 -0.0091840000 0.0124550000
-0.0578670000 0.0202420000 -0.0055570000
0.0561470000 0.0162840000 -0.0086730000
0.0712340000 -0.0018150000 0.0181330000
0.0014710000 -0.0804170000 0.0299280000
0.0348420000 0.0426600000 -0.0134630000
0.0234240000 -0.0172440000 -0.0228870000
0.0350400000 -0.0440230000 -0.0133360000
0.0555740000 -0.0170540000 -0.0096220000
0.0243200000 0.0152230000 -0.0226800000
-0.0764740000 0.0182410000 0.0292730000
-0.0375770000 0.0485980000 -0.0047920000
0.0103300000 0.0775370000 0.0283670000
-0.0146260000 0.0670920000 0.0121560000
0.0672030000 0.0288970000 0.0264390000
-0.0145320000 -0.0689760000 0.0134970000
-0.0571020000 -0.0193440000 -0.0076490000
-0.0350160000 -0.0520970000 -0.0048570000
0.0654300000 -0.0317790000 0.0231260000
-0.0709930000 0.0347110000 0.0262150000
0.0070610000 0.0206890000 -0.0235640000
0.0068830000 -0.0222980000 -0.0233870000
0.0298780000 -0.0011160000 -0.0225730000
-0.0046760000 0.0632720000 -0.0012840000
0.0509700000 -0.0334240000 -0.0077530000
