0.0599320000 -0.0284080000 0.0014460000
-0.0702990000 0.0376190000 0.0276590000
-0.0405430000 -0.0703430000 0.0278030000
0.0318470000 0.0727640000 0.0268530000
-0.0177650000 -0.0052960000 -0.0230990000
0.0249730000 -0.0773950000 0.0281960000
0.0378210000 0.0287270000 -0.0209850000
-0.0196550000 0.0564240000 -0.0071880000
0.0752010000 0.0256020000 0.0287880000
-0.0773600000 -0.0224230000 0.0277410000
0.0130710000 -0.0501530000 -0.0177610000
-0.0481110000 -0.0380050000 -0.0064460000
-0.0601500000 0.0074500000 -0.0068860000
-0.0102850000 0.0779020000 0.0282180000
0.0300930000 -0.0123550000 -0.0238770000
0.0577690000 -0.0559020000 0.0294580000
0.0185650000 0.0580500000 -0.0057400000
-0.0068340000 -0.0685960000 0.0090800000
-0.0001340000 0.0283230000 -0.0236440000
0.0785720000 -0.0119260000 0.0295220000
-0.0453410000 0.0652840000 0.0270430000
0.0634510000 0.0087550000 -0.0022760000
0.0513710000 0.0461470000 0.0089770000
-0.0357590000 0.0282760000 -0.0224230000
-0.0190590000 -0.0395260000 -0.0242720000
0.0383350000 -0.0552450000 0.0028380000
-0.0494010000 0.0434490000 0.0030470000
-0.0639740000 -0.0501670000 0.0279390000
-0.0713080000 0.0072120000 0.0219310000
-0.0456050000 -0.0131900000 -0.0211430000
0.0040660000 -0.0234400000 -0.0224060000
-0.0326570000 -0.0588950000 0.0035760000
-0.0638540000 -0.0176890000 0.0041370000
0.0401440000 -0.0360450000 -0.0158370000
0.0082660000 0.0029350000 -0.0221280000
-0.0012610000 0.0667540000 0.0073180000
-0.0168120000 -0.0785170000 0.0299450000
0.0473480000 0.0057010000 -0.0213730000
0.0723850000 -0.0358480000 0.0269390000
0.0175840000 -0.0670880000 0.0073200000
-0.0251960000 0.0655940000 0.0144750000
0.0513300000 0.0594630000 0.0285090000
-0.0637530000 0.0254680000 0.0084860000
-0.0087420000 -0.0563400000 -0.0111680000
0.0187730000 0.0416360000 -0.0224460000
0.0506240000 -0.0160410000 -0.0150970000
0.0537340000 0.0287960000 -0.0050420000
-0.0000540000 0.0517830000 -0.0165730000
0.0711560000 0.0058430000 0.0185740000
0.0368370000 0.0461040000 -0.0074420000
-0.0361160000 0.0065230000 -0.0227200000
0.0101700000 0.0713220000 0.0253340000
0.0341020000 0.0598020000 0.0092510000
-0.0177850000 0.0412200000 -0.0230070000
-0.0494190000 -0.0488540000 0.0122900000
0.0039770000 -0.0737710000 0.0267060000
0.0385180000 -0.0617220000 0.0229950000
0.0662990000 0.0446100000 0.0265630000
-0.0169940000 0.0158260000 -0.0222050000
-0.0512110000 0.0263710000 -0.0087420000
0.0544610000 -0.0457460000 0.0116890000
0.0676190000 -0.0098170000 0.0057450000
0.0275210000 0.0106720000 -0.0234570000
-0.0631040000 -0.0329730000 0.0173460000
0.0634680000 0.0289510000 0.0126700000
0.0220210000 -0.0331780000 -0.0243050000
-0.0532050000 0.0471730000 0.0229860000
-0.0352540000 0.0444410000 -0.0109930000
-0.0368360000 -0.0310140000 -0.0209750000
-0.0314990000 -0.0477350000 -0.0120300000
-0.0246750000 -0.0668660000 0.0181120000
-0.0358410000 0.0554440000 0.0035500000
-0.0011530000 -0.0407380000 -0.0233140000
0.0174960000 0.0667690000 0.0099110000
0.0291930000 -0.0490740000 -0.0109330000
-0.0144630000 -0.0224850000 -0.0223370000
0.0070450000 -0.0620270000 -0.0057240000
-0.0672060000 -0.0005590000 0.0068540000
0.0167150000 0.0243420000 -0.0226650000
0.0684970000 -0.0210600000 0.0189900000
-0.0578490000 -0.0093330000 -0.0094070000
-0.0796830000 -0.0055600000 0.0288540000
-0.0762620000 0.0219890000 0.0284740000
-0.0302310000 0.0721530000 0.0286830000
-0.0481800000 -0.0558350000 0.0272490000
0.0481620000 -0.0423320000 -0.0029610000
-0.0294980000 -0.0165300000 -0.0237450000
-0.0699950000 -0.0120440000 0.0178530000
-0.0024190000 -0.0091010000 -0.0221450000
0.0594710000 -0.0056650000 -0.0072380000
