-0.0606850000 -0.0497010000 0.0298560000
0.0608840000 0.0519460000 0.0268030000
0.0530290000 -0.0622020000 0.0280630000
-0.0502280000 0.0613110000 0.0270400000
0.0020060000 -0.0017410000 -0.0230230000
-0.0053440000 -0.0639710000 -0.0028630000
-0.0610790000 0.0052790000 -0.0058080000
0.0636530000 -0.0057940000 -0.0028460000
0.0054590000 0.0605650000 -0.0057480000
0.0332620000 -0.0397560000 -0.0178400000
-0.0354930000 -0.0319960000 -0.0213290000
0.0374480000 0.0293520000 -0.0209900000
-0.0284570000 0.0339180000 -0.0236420000
-0.0742100000 0.0260880000 0.0290320000
0.0260480000 0.0751530000 0.0274670000
0.0152980000 -0.0790880000 0.0296560000
