-0.0622440000 0.0102430000 -0.0030220000
0.0785280000 -0.0192580000 0.0281350000
0.0217370000 0.0763970000 0.0272000000
-0.0113280000 -0.0807330000 0.0286670000
0.0188000000 0.0099000000 -0.0232980000
-0.0437070000 0.0656400000 0.0281800000
-0.0241850000 -0.0403710000 -0.0224200000
-0.0662830000 -0.0460890000 0.0286930000
0.0352860000 -0.0527070000 -0.0042590000
0.0692620000 0.0399180000 0.0268100000
-0.0226100000 0.0448700000 -0.0176450000
0.0615550000 0.0073930000 -0.0056140000
0.0372900000 0.0482600000 -0.0058020000
-0.0235190000 0.0023720000 -0.0220740000
0.0291590000 -0.0740870000 0.0302680000
-0.0708550000 0.0348520000 0.0287230000
-0.0793460000 -0.0078050000 0.0289110000
-0.0555330000 -0.0278370000 -0.0036750000
0.0124980000 -0.0285220000 -0.0237470000
-0.0364340000 -0.0593580000 0.0086040000
0.0612190000 -0.0534460000 0.0272130000
-0.0008090000 -0.0638490000 -0.0033690000
-0.0106590000 0.0678030000 0.0097210000
0.0466160000 -0.0222010000 -0.0179450000
-0.0500120000 0.0426760000 0.0027550000
0.0102460000 0.0422260000 -0.0240390000
0.0488980000 0.0625700000 0.0259970000
0.0797140000 0.0113100000 0.0275350000
0.0605970000 -0.0311630000 0.0069840000
-0.0425360000 0.0239980000 -0.0191010000
0.0430160000 0.0241650000 -0.0192350000
0.0156930000 0.0635060000 0.0021970000
