0.0229290000 0.0638520000 0.0070760000
-0.0226160000 -0.0784960000 0.0281860000
-0.0773480000 0.0190910000 0.0280610000
0.0751010000 -0.0296710000 0.0284000000
-0.0123600000 -0.0092860000 -0.0230790000
0.0502470000 0.0096570000 -0.0178110000
-0.0376600000 0.0695420000 0.0277780000
0.0277070000 -0.0562880000 -0.0053450000
-0.0587590000 -0.0348540000 0.0066660000
0.0695650000 0.0375040000 0.0287310000
-0.0229340000 0.0440660000 -0.0182630000
-0.0551680000 0.0092450000 -0.0129600000
-0.0202450000 -0.0540600000 -0.0115590000
0.0194160000 -0.0775960000 0.0299820000
0.0179170000 0.0357090000 -0.0242240000
0.0255830000 -0.0212510000 -0.0239360000
-0.0535520000 0.0416930000 0.0071170000
0.0540640000 -0.0613520000 0.0276890000
0.0579160000 -0.0249160000 -0.0046230000
0.0712470000 0.0038970000 0.0139810000
-0.0026320000 0.0782730000 0.0282240000
0.0494420000 0.0409950000 -0.0007560000
-0.0529900000 -0.0606490000 0.0295700000
-0.0778320000 -0.0158620000 0.0290950000
-0.0433400000 -0.0219300000 -0.0201600000
0.0488680000 0.0630540000 0.0274390000
-0.0083520000 0.0640960000 0.0007850000
0.0008990000 -0.0688980000 0.0063680000
0.0059130000 -0.0447220000 -0.0240680000
0.0134660000 0.0061780000 -0.0223710000
-0.0283910000 0.0157300000 -0.0232720000
-0.0661910000 -0.0078010000 0.0055710000
-0.0401860000 -0.0543230000 0.0065580000
0.0497040000 -0.0473760000 0.0058030000
-0.0330400000 0.0574580000 0.0043500000
-0.0683370000 -0.0400820000 0.0298340000
-0.0663110000 0.0418850000 0.0289700000
-0.0046820000 0.0245450000 -0.0225020000
-0.0212390000 -0.0325060000 -0.0241690000
-0.0445800000 0.0318880000 -0.0134770000
-0.0643800000 0.0191660000 0.0073690000
0.0101120000 0.0550250000 -0.0119380000
0.0212680000 0.0748210000 0.0285120000
0.0400260000 -0.0379950000 -0.0145740000
0.0617540000 0.0206290000 0.0001190000
0.0333460000 -0.0634910000 0.0166470000
0.0394800000 0.0300770000 -0.0187440000
0.0466510000 -0.0127010000 -0.0209080000
-0.0210620000 -0.0656010000 0.0099180000
-0.0387400000 -0.0419210000 -0.0120590000
