-0.0729830000 -0.0125160000 0.0272520000
0.0800750000 0.0102070000 0.0272700000
-0.0082510000 0.0787090000 0.0266380000
0.0151990000 -0.0797800000 0.0282350000
0.0034120000 0.0013330000 -0.0230520000
-0.0326750000 -0.0516890000 -0.0070310000
-0.0478220000 0.0376960000 -0.0057030000
0.0509570000 -0.0374590000 -0.0042110000
0.0399330000 0.0490840000 -0.0023270000
-0.0450350000 -0.0075030000 -0.0230480000
-0.0039790000 0.0477600000 -0.0196100000
0.0501070000 0.0067240000 -0.0185400000
0.0097910000 -0.0444320000 -0.0237930000
-0.0586120000 -0.0549690000 0.0293310000
-0.0729810000 0.0306380000 0.0285750000
-0.0473070000 0.0636840000 0.0268640000
0.0525730000 -0.0614460000 0.0293850000
-0.0251940000 -0.0775540000 0.0280450000
0.0755020000 -0.0291690000 0.0275540000
0.0309100000 0.0727480000 0.0280890000
0.0638390000 0.0461020000 0.0287660000
-0.0020180000 -0.0662190000 0.0007210000
-0.0583780000 -0.0295900000 0.0004860000
-0.0639260000 0.0082080000 0.0012930000
0.0239870000 0.0282240000 -0.0240320000
-0.0240250000 0.0208380000 -0.0225930000
-0.0242380000 0.0601630000 0.0034080000
-0.0171600000 -0.0252130000 -0.0226160000
0.0301570000 -0.0612240000 0.0048100000
0.0311880000 -0.0196850000 -0.0233390000
