0.0722690000 -0.0147220000 0.0249370000
-0.0787650000 0.0146500000 0.0269050000
-0.0187500000 -0.0794000000 0.0282870000
0.0120840000 0.0786900000 0.0264470000
-0.0031960000 0.0035030000 -0.0231980000
0.0293310000 -0.0526120000 -0.0087230000
-0.0517170000 -0.0349200000 -0.0047650000
0.0489730000 0.0368560000 -0.0058090000
-0.0369140000 0.0517050000 -0.0013260000
0.0446860000 -0.0086440000 -0.0237500000
0.0550720000 -0.0579620000 0.0297740000
-0.0503440000 0.0099730000 -0.0170640000
0.0061420000 0.0488580000 -0.0187010000
-0.0117600000 -0.0414000000 -0.0243610000
0.0746480000 0.0287630000 0.0283810000
-0.0749590000 -0.0269310000 0.0292190000
0.0500910000 0.0624070000 0.0271400000
-0.0541390000 -0.0609840000 0.0279050000
0.0211250000 -0.0785170000 0.0276980000
-0.0609410000 0.0491700000 0.0291490000
-0.0262040000 0.0738400000 0.0285560000
-0.0025200000 -0.0657950000 -0.0000620000
0.0567740000 -0.0327050000 -0.0003310000
0.0647880000 0.0068410000 -0.0006540000
-0.0228260000 0.0309290000 -0.0239790000
0.0255500000 0.0208080000 -0.0237840000
0.0273240000 0.0602270000 0.0035710000
0.0158630000 -0.0239880000 -0.0237450000
-0.0324770000 -0.0163850000 -0.0238600000
-0.0664470000 -0.0065090000 0.0056610000
-0.0067750000 0.0660160000 0.0046340000
-0.0330590000 -0.0587450000 0.0037470000
-0.0608520000 0.0286140000 0.0056400000
0.0355350000 -0.0624970000 0.0138170000
0.0390670000 -0.0322130000 -0.0187930000
0.0488730000 0.0151440000 -0.0175520000
0.0708910000 -0.0392090000 0.0276790000
0.0576580000 0.0420750000 0.0163300000
-0.0269000000 0.0067790000 -0.0230280000
-0.0440610000 0.0325420000 -0.0135260000
-0.0586480000 -0.0403160000 0.0171640000
-0.0168260000 0.0518730000 -0.0137170000
-0.0541250000 -0.0128520000 -0.0132650000
0.0289870000 0.0450000000 -0.0148300000
0.0003520000 0.0266170000 -0.0228600000
0.0073880000 -0.0524190000 -0.0166950000
-0.0326140000 -0.0440530000 -0.0144320000
-0.0415110000 0.0583300000 0.0203920000
0.0225070000 -0.0020310000 -0.0224440000
-0.0070990000 -0.0190920000 -0.0222940000
0.0804660000 0.0066660000 0.0273900000
0.0009700000 -0.0720340000 0.0206850000
0.0289890000 0.0656470000 0.0244070000
0.0582370000 -0.0123080000 -0.0075730000
-0.0727830000 -0.0059080000 0.0265400000
-0.0334400000 -0.0646590000 0.0247950000
0.0511730000 -0.0490760000 0.0112010000
0.0165760000 -0.0674310000 0.0074630000
0.0655210000 0.0241820000 0.0102100000
-0.0163360000 -0.0552180000 -0.0103590000
