0.0298810000 0.0163070000 -0.0229810000
-0.0642850000 -0.0496480000 0.0281260000
-0.0546430000 0.0570980000 0.0283760000
0.0362110000 -0.0721940000 0.0293040000
0.0217370000 0.0763970000 0.0272000000
0.0798580000 -0.0095450000 0.0286930000
-0.0446580000 0.0028710000 -0.0235920000
0.0026050000 -0.0459340000 -0.0236740000
-0.0140910000 0.0530930000 -0.0130800000
-0.0799270000 0.0056130000 0.0276510000
0.0665770000 0.0441630000 0.0271690000
-0.0182300000 -0.0794240000 0.0282780000
0.0508630000 -0.0299190000 -0.0100920000
-0.0411060000 -0.0413630000 -0.0105090000
0.0370390000 0.0513080000 -0.0020590000
-0.0045720000 -0.0058500000 -0.0220910000
-0.0188990000 0.0767490000 0.0271370000
0.0633350000 0.0135580000 -0.0002220000
0.0663000000 -0.0467480000 0.0274600000
-0.0590630000 0.0285010000 0.0021300000
