-0.0539760000 0.0287640000 -0.0039090000
0.0732760000 -0.0348150000 0.0275990000
-0.0306020000 -0.0753570000 0.0282030000
0.0412970000 0.0679950000 0.0275680000
0.0086650000 -0.0226890000 -0.0234630000
-0.0758990000 -0.0257570000 0.0287260000
0.0078080000 0.0433560000 -0.0236680000
-0.0228070000 0.0755690000 0.0277050000
0.0607000000 0.0176010000 -0.0033940000
0.0293880000 -0.0757610000 0.0282910000
-0.0458020000 -0.0237230000 -0.0173700000
-0.0003610000 -0.0633180000 -0.0042480000
0.0429450000 -0.0462800000 -0.0044530000
-0.0196660000 0.0102760000 -0.0229830000
-0.0769540000 0.0164830000 0.0292910000
-0.0575730000 0.0530510000 0.0290420000
0.0796230000 0.0042650000 0.0288880000
-0.0250620000 0.0551660000 -0.0060600000
0.0286420000 0.0102640000 -0.0234870000
0.0686150000 0.0410470000 0.0273690000
0.0089330000 0.0671650000 0.0072590000
-0.0513640000 -0.0484350000 0.0112540000
0.0393950000 0.0484190000 -0.0039510000
-0.0661390000 -0.0034390000 0.0025830000
0.0524410000 -0.0144800000 -0.0152430000
-0.0186900000 -0.0423650000 -0.0231860000
0.0555470000 -0.0598270000 0.0275000000
-0.0006040000 -0.0812800000 0.0280950000
-0.0484980000 0.0050420000 -0.0196590000
0.0685150000 -0.0131850000 0.0089430000
-0.0283010000 -0.0583480000 -0.0014200000
0.0187500000 -0.0481100000 -0.0179010000
-0.0329180000 0.0336810000 -0.0208470000
0.0250220000 -0.0635700000 0.0050500000
-0.0172670000 -0.0159640000 -0.0224300000
0.0044730000 0.0028220000 -0.0222270000
0.0340940000 -0.0291240000 -0.0241020000
-0.0374120000 0.0587080000 0.0154360000
0.0020110000 0.0780260000 0.0285520000
-0.0606710000 -0.0273530000 0.0029510000
0.0307890000 0.0344850000 -0.0221760000
-0.0626460000 0.0324780000 0.0180170000
0.0592310000 -0.0348390000 0.0084170000
-0.0498910000 -0.0624180000 0.0298680000
0.0563600000 0.0375790000 0.0077140000
-0.0138220000 -0.0691810000 0.0133200000
-0.0655300000 -0.0459760000 0.0294490000
-0.0025850000 0.0577180000 -0.0096910000
0.0681130000 0.0202390000 0.0177200000
-0.0136850000 0.0671000000 0.0091640000
-0.0108380000 0.0310500000 -0.0228260000
-0.0729200000 -0.0045550000 0.0238450000
0.0190000000 0.0547960000 -0.0082950000
0.0496010000 0.0069870000 -0.0188660000
0.0295770000 0.0616870000 0.0105210000
-0.0417330000 -0.0425080000 -0.0076570000
0.0115000000 0.0226310000 -0.0227340000
-0.0436930000 0.0467190000 -0.0005020000
0.0252960000 -0.0103010000 -0.0227660000
0.0222250000 0.0755830000 0.0259330000
0.0507930000 0.0504770000 0.0229320000
0.0474580000 0.0311470000 -0.0106460000
0.0077810000 -0.0700230000 0.0136520000
0.0420850000 -0.0565330000 0.0129100000
0.0788720000 -0.0156290000 0.0266920000
-0.0683180000 0.0144160000 0.0114030000
0.0012530000 -0.0413280000 -0.0243040000
-0.0365140000 -0.0608760000 0.0158570000
-0.0350200000 -0.0086020000 -0.0237310000
0.0623060000 -0.0014010000 -0.0053070000
-0.0597850000 0.0112080000 -0.0065690000
-0.0555550000 -0.0096290000 -0.0111340000
0.0519170000 -0.0311000000 -0.0081960000
-0.0299370000 -0.0284580000 -0.0243650000
-0.0144500000 0.0476530000 -0.0180800000
-0.0141100000 -0.0547480000 -0.0115240000
0.0698310000 0.0043340000 0.0098340000
-0.0358440000 0.0165420000 -0.0239080000
0.0586090000 -0.0431650000 0.0235840000
-0.0530940000 0.0461470000 0.0138380000
-0.0636370000 -0.0328640000 0.0187050000
-0.0688750000 -0.0174110000 0.0136830000
0.0409370000 0.0213270000 -0.0224780000
-0.0378750000 0.0687700000 0.0284200000
0.0414330000 -0.0067190000 -0.0244170000
0.0394780000 -0.0630120000 0.0281190000
-0.0044860000 0.0162170000 -0.0232990000
0.0134920000 -0.0735780000 0.0284350000
-0.0147050000 -0.0739560000 0.0290860000
0.0148320000 -0.0596040000 -0.0071230000
-0.0067810000 -0.0277950000 -0.0224790000
-0.0022300000 -0.0113800000 -0.0230660000
0.0290430000 -0.0532060000 -0.0067060000
-0.0485360000 0.0201560000 -0.0158280000
0.0600460000 -0.0192780000 -0.0024410000
0.0191200000 -0.0340720000 -0.0242350000
0.0434240000 0.0538940000 0.0097430000
0.0037790000 -0.0539390000 -0.0159770000
-0.0282240000 -0.0479060000 -0.0124810000
0.0331820000 -0.0420100000 -0.0162290000
