0.0124790000 0.0179480000 -0.0224450000
-0.0561030000 -0.0589350000 0.0286320000
0.0477370000 -0.0655340000 0.0287150000
-0.0693330000 0.0386560000 0.0279810000
0.0791040000 0.0124570000 0.0285250000
0.0000070000 0.0786820000 0.0279500000
-0.0033660000 -0.0508200000 -0.0184810000
-0.0499110000 -0.0039300000 -0.0183830000
0.0536270000 -0.0226170000 -0.0109210000
0.0450000000 0.0516800000 0.0080900000
-0.0055290000 -0.0815210000 0.0285820000
-0.0300300000 0.0504090000 -0.0084920000
-0.0794090000 -0.0124420000 0.0272550000
0.0747190000 -0.0310570000 0.0277870000
-0.0400510000 0.0682160000 0.0276060000
-0.0424650000 -0.0432550000 -0.0075880000
0.0523240000 0.0180240000 -0.0135280000
0.0095140000 0.0564010000 -0.0104660000
-0.0118020000 -0.0128290000 -0.0221360000
0.0319410000 -0.0534900000 -0.0039820000
-0.0564310000 0.0275080000 -0.0031330000
0.0212100000 -0.0259730000 -0.0239100000
-0.0246280000 0.0194380000 -0.0233290000
-0.0210170000 -0.0640080000 0.0056070000
0.0315270000 0.0725770000 0.0279610000
0.0669320000 0.0416830000 0.0287630000
-0.0628900000 -0.0221930000 0.0029910000
0.0202330000 -0.0701090000 0.0179610000
0.0676710000 -0.0011580000 0.0045730000
0.0323880000 0.0394820000 -0.0175530000
0.0554290000 -0.0433340000 0.0097120000
-0.0696520000 0.0122640000 0.0168240000
0.0342850000 -0.0010180000 -0.0237480000
-0.0113560000 0.0659410000 0.0055830000
-0.0325370000 -0.0740280000 0.0290950000
-0.0091190000 0.0419170000 -0.0242410000
-0.0487430000 0.0491900000 0.0108280000
-0.0710460000 -0.0374020000 0.0267550000
0.0646220000 0.0248040000 0.0086520000
-0.0350290000 -0.0244460000 -0.0242850000
0.0036010000 -0.0659560000 0.0002040000
0.0139210000 0.0670120000 0.0113200000
0.0102820000 -0.0054480000 -0.0221920000
0.0521220000 0.0591130000 0.0284220000
-0.0553480000 -0.0438920000 0.0115710000
-0.0641750000 0.0000920000 -0.0012430000
0.0656280000 -0.0233940000 0.0082750000
0.0722260000 -0.0090370000 0.0251220000
-0.0240740000 -0.0433610000 -0.0195670000
0.0618260000 -0.0487630000 0.0299790000
0.0384660000 -0.0370100000 -0.0162920000
0.0177960000 -0.0469760000 -0.0193800000
-0.0401700000 0.0330490000 -0.0161140000
-0.0403300000 -0.0592080000 0.0140520000
0.0121850000 0.0402940000 -0.0243450000
-0.0067060000 0.0079420000 -0.0220790000
0.0001320000 -0.0305230000 -0.0236740000
-0.0190840000 0.0694050000 0.0256430000
-0.0293140000 -0.0011620000 -0.0223080000
-0.0310420000 0.0604330000 0.0104630000
0.0334460000 0.0199010000 -0.0241510000
0.0535570000 -0.0025380000 -0.0158220000
0.0513990000 0.0360290000 -0.0036830000
-0.0558600000 0.0548500000 0.0291680000
