-0.0606850000 0.0066720000 -0.0047070000
0.0805550000 -0.0063940000 0.0276700000
-0.0016290000 -0.0810780000 0.0291010000
0.0134880000 0.0782880000 0.0269460000
0.0161870000 -0.0190960000 -0.0236110000
-0.0622320000 -0.0517380000 0.0287060000
-0.0082750000 0.0425190000 -0.0241150000
-0.0492040000 0.0613280000 0.0285330000
0.0502520000 0.0376310000 -0.0036030000
0.0547490000 -0.0605480000 0.0280100000
-0.0339950000 -0.0399720000 -0.0167000000
0.0562770000 -0.0285910000 -0.0043730000
0.0210320000 -0.0598850000 -0.0041470000
-0.0220330000 0.0017320000 -0.0230340000
-0.0783850000 -0.0119830000 0.0292860000
-0.0741690000 0.0288780000 0.0272450000
0.0494140000 0.0613910000 0.0284170000
-0.0434510000 0.0422800000 -0.0060090000
0.0228870000 0.0191890000 -0.0236840000
0.0736610000 0.0315340000 0.0271600000
-0.0156060000 0.0651410000 0.0059710000
-0.0302640000 -0.0632060000 0.0127330000
0.0197220000 0.0588590000 -0.0041160000
-0.0604310000 -0.0278700000 0.0030700000
0.0537460000 0.0047770000 -0.0154040000
-0.0023500000 -0.0464210000 -0.0233060000
0.0284580000 -0.0760720000 0.0281670000
0.0724050000 -0.0357970000 0.0280740000
-0.0463820000 -0.0138290000 -0.0201340000
0.0682770000 0.0110180000 0.0080970000
-0.0062250000 -0.0644360000 -0.0018410000
0.0343510000 -0.0390420000 -0.0175530000
-0.0427990000 0.0195640000 -0.0210270000
0.0442610000 -0.0507650000 0.0054940000
-0.0256750000 0.0739860000 0.0286280000
-0.0144210000 -0.0233160000 -0.0223850000
0.0033550000 0.0027660000 -0.0220340000
0.0416470000 -0.0154770000 -0.0241260000
-0.0601100000 0.0287810000 0.0066400000
0.0159770000 0.0428660000 -0.0220730000
-0.0465390000 -0.0480930000 0.0028320000
-0.0712630000 0.0074350000 0.0171540000
0.0676390000 -0.0125600000 0.0088910000
0.0394750000 0.0548300000 0.0081060000
0.0107620000 -0.0697680000 0.0136280000
-0.0365360000 0.0569750000 0.0099030000
-0.0239650000 -0.0771090000 0.0295600000
-0.0449300000 -0.0664220000 0.0296770000
0.0561740000 0.0428710000 0.0175850000
-0.0232740000 0.0513320000 -0.0099180000
-0.0209540000 0.0240110000 -0.0235080000
-0.0661490000 -0.0302770000 0.0244220000
-0.0016400000 0.0570630000 -0.0090930000
0.0436330000 0.0236140000 -0.0190080000
0.0056640000 0.0676650000 0.0096710000
-0.0576530000 0.0420970000 0.0235580000
0.0019130000 0.0237800000 -0.0235380000
0.0293270000 0.0651660000 0.0233030000
-0.0244310000 -0.0554400000 -0.0065980000
0.0264120000 -0.0010660000 -0.0225020000
0.0332710000 0.0455970000 -0.0116520000
0.0586730000 -0.0387630000 0.0132560000
-0.0059140000 0.0717890000 0.0256920000
-0.0691610000 -0.0116390000 0.0112330000
0.0306870000 -0.0633610000 0.0128150000
0.0730400000 0.0116300000 0.0271720000
0.0155910000 -0.0387760000 -0.0242030000
-0.0117900000 -0.0702280000 0.0157610000
0.0577560000 0.0201360000 -0.0050280000
-0.0483910000 -0.0298310000 -0.0110410000
-0.0589710000 -0.0119470000 -0.0061950000
0.0597970000 -0.0105910000 -0.0077510000
-0.0316580000 0.0376140000 -0.0188540000
0.0639990000 0.0282840000 0.0110250000
-0.0401570000 0.0022800000 -0.0240660000
-0.0323300000 -0.0240390000 -0.0242080000
0.0058530000 -0.0571450000 -0.0122200000
-0.0580150000 -0.0421030000 0.0146030000
-0.0524330000 0.0269470000 -0.0087120000
0.0018960000 -0.0285210000 -0.0228310000
-0.0185000000 -0.0397690000 -0.0242840000
-0.0505250000 0.0462770000 0.0088110000
0.0699500000 -0.0195360000 0.0240460000
-0.0470360000 -0.0539880000 0.0183910000
0.0400030000 0.0082020000 -0.0242350000
0.0304910000 0.0339010000 -0.0228810000
0.0386430000 -0.0629950000 0.0274550000
-0.0021120000 -0.0127020000 -0.0221030000
-0.0096400000 0.0123360000 -0.0231520000
0.0589790000 -0.0451390000 0.0279830000
0.0340920000 -0.0512220000 -0.0071530000
0.0463240000 -0.0407240000 -0.0068390000
0.0126720000 -0.0740090000 0.0287460000
0.0215590000 0.0655730000 0.0098930000
-0.0104900000 -0.0551230000 -0.0133890000
0.0456990000 -0.0280480000 -0.0161390000
0.0300980000 -0.0257340000 -0.0242820000
-0.0527890000 -0.0005560000 -0.0158170000
-0.0346300000 0.0624340000 0.0241480000
-0.0777140000 0.0142310000 0.0290700000
0.0215270000 -0.0496460000 -0.0156300000
0.0621880000 0.0034410000 -0.0031910000
0.0711350000 -0.0005600000 0.0177220000
0.0655460000 0.0436660000 0.0288050000
-0.0313700000 -0.0094250000 -0.0226440000
0.0081190000 -0.0652110000 -0.0002940000
-0.0657640000 0.0150420000 0.0059050000
0.0642630000 -0.0264150000 0.0077980000
-0.0195260000 -0.0644580000 0.0031700000
-0.0301650000 0.0132280000 -0.0232480000
0.0500360000 -0.0515320000 0.0183070000
0.0110360000 0.0531190000 -0.0139540000
-0.0670040000 0.0221540000 0.0176860000
-0.0530460000 0.0137960000 -0.0135790000
-0.0237980000 0.0666240000 0.0168540000
-0.0365840000 -0.0490540000 -0.0067950000
-0.0316970000 -0.0660420000 0.0262370000
-0.0666460000 0.0008000000 0.0062590000
0.0159180000 0.0075840000 -0.0231870000
-0.0349180000 0.0521760000 -0.0026120000
0.0140860000 0.0295410000 -0.0229160000
-0.0794270000 0.0010830000 0.0262720000
-0.0152680000 -0.0099140000 -0.0219940000
0.0136840000 -0.0058160000 -0.0221870000
0.0509070000 -0.0083350000 -0.0175430000
0.0490750000 0.0458180000 0.0066790000
0.0473550000 0.0525560000 0.0184030000
0.0413940000 0.0350380000 -0.0132020000
