-0.0685290000 0.0083600000 0.0113750000
0.0805550000 -0.0063940000 0.0276700000
-0.0031160000 -0.0812490000 0.0283010000
0.0129680000 0.0784160000 0.0267590000
0.0096500000 -0.0115110000 -0.0232200000
-0.0224260000 0.0451100000 -0.0174950000
-0.0611160000 -0.0533000000 0.0281700000
0.0479150000 0.0368520000 -0.0070920000
0.0454460000 -0.0514730000 0.0059470000
-0.0516410000 0.0593450000 0.0286810000
-0.0416020000 -0.0301830000 -0.0175910000
-0.0018880000 -0.0567170000 -0.0128600000
0.0557510000 -0.0092110000 -0.0127100000
0.0709520000 0.0351580000 0.0287710000
-0.0440770000 0.0105430000 -0.0228720000
0.0140250000 0.0579230000 -0.0075040000
0.0475070000 0.0642460000 0.0262610000
0.0170310000 0.0248080000 -0.0237180000
-0.0305960000 -0.0632610000 0.0098550000
-0.0190790000 0.0668890000 0.0121410000
-0.0771240000 -0.0215850000 0.0285890000
-0.0522200000 0.0378680000 0.0003850000
0.0314940000 -0.0733680000 0.0300800000
0.0695870000 -0.0401460000 0.0292040000
0.0274730000 -0.0405750000 -0.0207520000
-0.0122950000 0.0121720000 -0.0221400000
0.0668540000 0.0136120000 0.0060330000
-0.0714710000 0.0348720000 0.0278980000
-0.0626830000 -0.0201620000 0.0016140000
-0.0126620000 -0.0309550000 -0.0237900000
0.0195310000 -0.0643120000 0.0049700000
0.0432730000 0.0139530000 -0.0233650000
-0.0503970000 -0.0447180000 0.0040390000
0.0666090000 -0.0216050000 0.0091980000
-0.0272570000 -0.0093570000 -0.0233300000
0.0540790000 -0.0608280000 0.0284180000
-0.0265780000 -0.0501180000 -0.0124620000
0.0361870000 0.0561330000 0.0048200000
0.0345460000 -0.0162190000 -0.0241460000
0.0487670000 -0.0329780000 -0.0103440000
0.0012400000 0.0438320000 -0.0238970000
-0.0066570000 -0.0690790000 0.0076170000
-0.0263280000 -0.0755090000 0.0300440000
0.0542250000 0.0440050000 0.0147210000
-0.0351170000 0.0541120000 0.0005830000
-0.0594700000 0.0006570000 -0.0083750000
-0.0089530000 0.0595470000 -0.0065720000
0.0281680000 0.0430890000 -0.0167340000
-0.0795060000 0.0005950000 0.0290670000
0.0029860000 0.0678910000 0.0100790000
-0.0401040000 0.0316800000 -0.0170360000
-0.0329860000 0.0709340000 0.0287030000
-0.0090330000 0.0774440000 0.0285140000
0.0787660000 0.0151680000 0.0269780000
-0.0629920000 -0.0339560000 0.0182310000
0.0242690000 0.0042590000 -0.0223210000
0.0064750000 -0.0402850000 -0.0243550000
-0.0417560000 -0.0614480000 0.0280030000
0.0274880000 0.0654220000 0.0208850000
-0.0474630000 -0.0108430000 -0.0198460000
-0.0553260000 0.0202010000 -0.0089030000
0.0130550000 -0.0715860000 0.0223720000
-0.0557770000 0.0429280000 0.0189450000
0.0554010000 0.0186610000 -0.0087830000
0.0593110000 -0.0394700000 0.0122360000
0.0306630000 -0.0534010000 -0.0066330000
-0.0641910000 0.0273780000 0.0112410000
-0.0084800000 -0.0064390000 -0.0218140000
0.0057110000 0.0069280000 -0.0231380000
-0.0706910000 -0.0100190000 0.0151510000
