0.0291780000 -0.0225620000 -0.0330010000
-0.0420550000 0.0262840000 0.0413150000
0.0404730000 0.0136810000 0.0413220000
-0.0300210000 0.0291100000 -0.0363550000
-0.0107240000 -0.0449550000 0.0406250000
-0.0302000000 -0.0300450000 -0.0169940000
0.0227200000 0.0315710000 -0.0115320000
0.0657170000 0.0005620000 -0.0029130000
0.0033060000 0.0465980000 0.0401920000
0.0273040000 -0.0260320000 0.0159670000
-0.0410190000 -0.0157180000 0.0246950000
-0.0209450000 0.0379300000 0.0051380000
-0.0063410000 -0.0035100000 -0.0356040000
-0.0441060000 0.0060340000 -0.0078920000
0.0046830000 -0.0391660000 -0.0101170000
0.0312470000 0.0115280000 -0.0383630000
0.0031590000 0.0342060000 -0.0387920000
0.0191270000 -0.0027610000 -0.0064010000
-0.0391020000 -0.0063300000 -0.0382100000
0.0233860000 0.0312630000 0.0207280000
-0.0184060000 -0.0360820000 0.0115010000
-0.0078270000 -0.0347570000 -0.0385710000
0.0538300000 -0.0087700000 0.0243470000
0.0186500000 -0.0386460000 0.0418170000
-0.0091820000 0.0228070000 -0.0157960000
0.0482920000 -0.0049170000 -0.0236900000
0.0364700000 0.0086740000 0.0113020000
-0.0398490000 0.0204240000 0.0147990000
0.0345130000 -0.0167900000 0.0413220000
-0.0199330000 0.0367400000 0.0314390000
