0.0547650000 0.0021050000 -0.0149330000
-0.0500260000 -0.0012550000 0.0411510000
-0.0260110000 0.0298810000 -0.0381140000
0.0161000000 0.0422910000 0.0411540000
0.0183830000 -0.0398760000 0.0406460000
-0.0039230000 -0.0398420000 -0.0298220000
-0.0427400000 -0.0106410000 -0.0098970000
-0.0263240000 0.0349260000 0.0131350000
0.0172160000 0.0355470000 -0.0122760000
0.0424960000 0.0018590000 0.0406330000
-0.0239160000 -0.0346670000 0.0239750000
0.0164450000 -0.0012540000 -0.0376290000
0.0260240000 -0.0274420000 -0.0005180000
-0.0194430000 -0.0065150000 -0.0373220000
0.0336660000 0.0142770000 0.0096400000
0.0631450000 -0.0083420000 0.0159470000
-0.0123270000 -0.0223740000 -0.0035210000
-0.0208320000 0.0140410000 -0.0106740000
-0.0160190000 0.0442530000 0.0420270000
-0.0437970000 0.0092970000 0.0130250000
0.0043830000 0.0266750000 -0.0382530000
-0.0413430000 0.0276890000 0.0406570000
0.0033560000 0.0408670000 0.0140280000
0.0240460000 -0.0288500000 -0.0299990000
0.0036030000 -0.0395190000 0.0146480000
-0.0108840000 0.0406150000 -0.0160540000
-0.0432990000 0.0080600000 -0.0316930000
0.0317960000 -0.0198240000 0.0259730000
-0.0302350000 -0.0298510000 -0.0261780000
0.0333790000 0.0170820000 -0.0251920000
0.0169780000 -0.0030220000 -0.0103090000
-0.0074540000 -0.0448310000 0.0418080000
-0.0410010000 -0.0257720000 0.0416230000
-0.0407040000 -0.0166170000 0.0156070000
0.0304230000 0.0229830000 0.0332160000
0.0359590000 -0.0082900000 -0.0256500000
0.0032990000 -0.0188480000 -0.0210600000
0.0072120000 -0.0385940000 -0.0090100000
0.0364040000 -0.0071360000 0.0011310000
-0.0429130000 0.0116610000 -0.0093570000
-0.0403270000 -0.0131600000 -0.0356250000
-0.0006400000 0.0243800000 -0.0065190000
-0.0329070000 -0.0278300000 -0.0008620000
0.0227220000 0.0319530000 0.0154210000
-0.0226220000 -0.0077640000 -0.0162970000
-0.0030160000 0.0069860000 -0.0357320000
-0.0302970000 0.0315120000 -0.0175200000
0.0135130000 0.0159820000 -0.0204720000
0.0377690000 -0.0013780000 0.0215920000
0.0178480000 0.0194260000 -0.0009150000
0.0218630000 0.0320540000 -0.0310590000
-0.0074220000 -0.0219640000 -0.0376150000
-0.0164190000 -0.0379170000 -0.0148990000
-0.0146810000 -0.0385660000 0.0072110000
-0.0096500000 0.0396200000 -0.0354400000
0.0651680000 0.0034890000 0.0010930000
0.0206930000 -0.0320500000 0.0169280000
0.0362150000 0.0089860000 -0.0082750000
-0.0257710000 0.0110270000 -0.0379090000
-0.0121580000 0.0392980000 0.0244780000
-0.0115950000 0.0391860000 0.0025000000
-0.0377420000 0.0238680000 0.0227570000
-0.0252680000 -0.0386750000 0.0420080000
-0.0357800000 0.0264430000 -0.0006390000
0.0082670000 -0.0210910000 -0.0033170000
-0.0308910000 0.0006700000 -0.0010090000
0.0105710000 -0.0188120000 -0.0379200000
0.0056610000 0.0401720000 -0.0256110000
0.0545560000 0.0034260000 0.0266830000
0.0333630000 0.0043970000 -0.0378830000
