0.0205080000 0.0041930000 -0.0379090000
-0.0498700000 -0.0012330000 0.0413330000
0.0321850000 -0.0279870000 0.0412860000
0.0104610000 0.0446960000 0.0404800000
-0.0441790000 -0.0018330000 -0.0247190000
0.0661230000 0.0021050000 0.0015060000
-0.0027230000 -0.0401690000 -0.0054720000
-0.0113120000 0.0406490000 -0.0107700000
-0.0192910000 -0.0412440000 0.0420580000
0.0277910000 0.0247690000 0.0044620000
-0.0318160000 0.0376890000 0.0406010000
0.0400540000 0.0123010000 0.0416440000
-0.0368620000 -0.0232500000 0.0092520000
0.0298540000 -0.0163510000 0.0017440000
-0.0112400000 -0.0192540000 -0.0374780000
-0.0409010000 0.0182360000 0.0082900000
