0.0181180000 0.0053910000 -0.0365820000
-0.0486980000 -0.0084720000 0.0414480000
0.0351220000 -0.0237440000 0.0415310000
0.0046650000 0.0463080000 0.0406410000
-0.0436740000 -0.0058330000 -0.0226410000
0.0003500000 -0.0398850000 -0.0032370000
0.0657590000 0.0012900000 -0.0020750000
-0.0154900000 0.0396740000 -0.0099830000
-0.0152280000 -0.0428160000 0.0420420000
0.0273160000 0.0271920000 0.0042920000
-0.0368390000 0.0332450000 0.0408600000
0.0386100000 0.0167150000 0.0418240000
-0.0176610000 -0.0322590000 -0.0384840000
0.0289960000 -0.0130430000 0.0015770000
-0.0343710000 -0.0264820000 0.0093700000
-0.0412070000 0.0175660000 0.0068100000
0.0195700000 -0.0318220000 -0.0342120000
-0.0174000000 0.0150000000 -0.0375290000
0.0080040000 0.0383770000 -0.0353660000
0.0114650000 -0.0373210000 0.0260650000
0.0557720000 -0.0051620000 0.0269910000
0.0449870000 -0.0054890000 -0.0244240000
-0.0155250000 0.0382670000 0.0200020000
-0.0165910000 -0.0147050000 -0.0148940000
0.0070550000 0.0199450000 -0.0134200000
-0.0385070000 0.0213490000 -0.0206770000
-0.0033280000 -0.0100130000 -0.0371170000
0.0333610000 0.0174550000 -0.0192130000
0.0053570000 0.0404550000 0.0052590000
0.0225460000 0.0319240000 0.0289480000
0.0357050000 0.0065830000 0.0167010000
-0.0376070000 -0.0311710000 0.0403610000
-0.0134250000 -0.0376700000 0.0175740000
0.0131910000 -0.0114520000 -0.0185340000
-0.0441950000 -0.0049380000 0.0169930000
-0.0165660000 0.0385660000 -0.0338120000
-0.0248390000 0.0072530000 -0.0068140000
0.0210390000 -0.0317640000 -0.0103860000
-0.0266980000 -0.0105530000 -0.0378020000
-0.0417810000 0.0118880000 0.0327500000
-0.0217160000 -0.0357850000 -0.0072360000
-0.0001170000 -0.0397480000 -0.0259320000
-0.0336340000 -0.0265510000 -0.0238440000
-0.0174580000 0.0439590000 0.0420030000
0.0286130000 -0.0246200000 0.0205360000
-0.0382610000 0.0081880000 -0.0385400000
0.0298430000 -0.0130690000 -0.0384320000
0.0224900000 0.0071690000 -0.0022140000
0.0250120000 0.0256530000 -0.0372450000
0.0360480000 -0.0035910000 0.0352740000
-0.0425250000 -0.0118960000 -0.0028840000
0.0043100000 0.0405300000 -0.0152790000
-0.0286490000 0.0333700000 0.0044580000
0.0027070000 0.0188130000 -0.0358660000
-0.0141520000 0.0211920000 -0.0173240000
-0.0336860000 0.0269720000 0.0225070000
0.0220280000 0.0321770000 -0.0141090000
0.0320000000 -0.0190240000 -0.0201420000
0.0037370000 -0.0210940000 -0.0049200000
0.0167220000 -0.0334680000 0.0081530000
0.0036650000 -0.0435040000 0.0420730000
-0.0439740000 0.0069780000 -0.0088250000
0.0218450000 -0.0369820000 0.0416280000
-0.0312380000 0.0273690000 -0.0368400000
0.0061750000 0.0390070000 0.0235990000
-0.0381050000 -0.0193880000 0.0263140000
0.0358430000 0.0069590000 -0.0336980000
0.0370980000 -0.0010000000 -0.0089660000
0.0025040000 -0.0271190000 -0.0382550000
-0.0274380000 0.0012300000 -0.0231790000
0.0630670000 -0.0092690000 0.0114400000
0.0176000000 0.0072900000 -0.0187990000
-0.0270690000 -0.0326430000 0.0266160000
-0.0057140000 0.0268830000 -0.0036040000
0.0586680000 -0.0075880000 -0.0146630000
-0.0271000000 0.0338120000 -0.0209630000
0.0130730000 -0.0135850000 -0.0377800000
0.0357750000 -0.0101480000 0.0166230000
-0.0165730000 -0.0378370000 -0.0228430000
-0.0029390000 -0.0206530000 -0.0220390000
-0.0248040000 -0.0176950000 -0.0007190000
0.0022340000 -0.0396510000 0.0129030000
0.0327690000 0.0189340000 0.0268150000
0.0118010000 0.0268450000 0.0000320000
-0.0107440000 0.0409640000 0.0051660000
0.0188040000 0.0398180000 0.0419670000
0.0176260000 0.0354330000 0.0134480000
-0.0050930000 0.0054320000 -0.0356770000
-0.0023230000 0.0279840000 -0.0244340000
0.0311990000 0.0301320000 0.0414930000
