-0.0229820000 -0.0336060000 -0.0357780000
0.0221080000 0.0388300000 0.0413500000
-0.0486980000 -0.0084720000 0.0414480000
0.0537060000 -0.0058880000 -0.0208750000
-0.0065780000 0.0412000000 -0.0299040000
0.0218790000 -0.0376310000 0.0409230000
-0.0437820000 0.0082110000 -0.0096550000
-0.0294240000 0.0393900000 0.0403160000
0.0523840000 0.0002290000 0.0287600000
-0.0192900000 -0.0368790000 0.0137160000
0.0104230000 -0.0012240000 -0.0373340000
0.0274380000 0.0270410000 -0.0026150000
0.0204900000 -0.0321960000 -0.0065540000
-0.0066820000 0.0414520000 0.0089950000
-0.0227620000 0.0101870000 -0.0376910000
0.0238970000 0.0289350000 -0.0354800000
0.0098810000 -0.0344760000 -0.0376670000
-0.0178830000 -0.0137730000 -0.0104650000
-0.0416890000 0.0161540000 0.0217280000
-0.0414440000 -0.0149720000 0.0114970000
-0.0086750000 -0.0436330000 0.0421970000
0.0350530000 -0.0068850000 0.0039330000
-0.0279670000 0.0334800000 -0.0101900000
-0.0420100000 -0.0113870000 -0.0320270000
-0.0061700000 -0.0399520000 -0.0134900000
0.0666100000 0.0005970000 0.0038240000
-0.0351440000 -0.0333810000 0.0404950000
0.0316910000 0.0184970000 0.0239590000
0.0319180000 -0.0180480000 -0.0328880000
0.0015110000 0.0226580000 -0.0104540000
0.0079730000 -0.0386180000 0.0173380000
-0.0035570000 0.0470670000 0.0401730000
0.0322420000 -0.0167450000 0.0285170000
0.0148740000 -0.0079900000 -0.0126880000
0.0354280000 0.0116650000 -0.0210420000
-0.0118420000 -0.0117290000 -0.0359920000
0.0158400000 0.0363750000 0.0173110000
-0.0009750000 0.0195070000 -0.0374510000
-0.0273020000 0.0342220000 0.0175640000
-0.0279400000 0.0324590000 -0.0337510000
-0.0397610000 -0.0181490000 -0.0107700000
-0.0215100000 0.0128750000 -0.0124000000
-0.0431080000 0.0229270000 0.0419620000
-0.0254630000 -0.0337020000 -0.0067860000
-0.0429440000 0.0098960000 -0.0311380000
0.0381660000 0.0090980000 0.0417710000
0.0127010000 0.0377790000 -0.0199020000
0.0309290000 0.0018710000 -0.0388270000
-0.0006530000 -0.0199510000 -0.0207780000
0.0253070000 -0.0282400000 0.0130340000
0.0327340000 -0.0174380000 -0.0129350000
0.0013650000 -0.0258960000 -0.0016300000
-0.0382940000 0.0229400000 0.0033710000
0.0224900000 0.0071690000 -0.0022140000
0.0158000000 0.0135360000 -0.0214210000
-0.0096720000 0.0408920000 -0.0106020000
0.0096990000 0.0390780000 -0.0007270000
-0.0315820000 -0.0040040000 -0.0003460000
-0.0323540000 -0.0268640000 0.0229310000
-0.0277740000 -0.0012310000 -0.0239960000
-0.0432570000 -0.0020540000 0.0246810000
0.0362640000 0.0005030000 0.0204190000
0.0220470000 -0.0306130000 -0.0245880000
-0.0121370000 0.0393740000 0.0263420000
-0.0065120000 -0.0395430000 -0.0317890000
0.0408300000 -0.0085340000 0.0417160000
0.0346730000 0.0263580000 0.0400190000
-0.0114170000 0.0251770000 -0.0222730000
-0.0372940000 0.0235170000 -0.0214280000
0.0075980000 0.0349210000 -0.0383810000
-0.0443530000 0.0053600000 0.0080850000
0.0614220000 -0.0093980000 0.0172800000
-0.0197950000 -0.0356150000 0.0313260000
0.0044350000 -0.0176790000 -0.0375930000
0.0348380000 0.0146480000 0.0073440000
0.0057970000 -0.0382060000 0.0344690000
-0.0345550000 -0.0254660000 -0.0256160000
-0.0044150000 -0.0400970000 0.0056210000
-0.0148930000 0.0280340000 -0.0013050000
0.0162670000 0.0143200000 -0.0380310000
