-0.0293430000 0.0310180000 0.0054160000
0.0656520000 -0.0074250000 0.0020960000
-0.0039290000 -0.0456680000 0.0409920000
-0.0001880000 -0.0314270000 -0.0387520000
0.0281490000 0.0333260000 0.0417560000
0.0236370000 0.0298630000 -0.0339330000
-0.0483090000 -0.0093850000 0.0414750000
-0.0423480000 0.0009040000 -0.0365190000
0.0366250000 -0.0161730000 0.0420460000
-0.0293400000 -0.0310480000 0.0011920000
0.0196160000 -0.0073680000 -0.0038870000
-0.0188220000 0.0366950000 -0.0358180000
-0.0127880000 0.0449140000 0.0419950000
0.0110050000 0.0386060000 0.0047140000
0.0318030000 -0.0057740000 -0.0386130000
-0.0026030000 0.0043970000 -0.0356530000
0.0060390000 -0.0390050000 0.0064330000
-0.0426540000 0.0255930000 0.0407270000
-0.0445980000 -0.0002930000 0.0076700000
0.0364130000 0.0091710000 0.0200250000
-0.0311970000 -0.0288670000 -0.0310260000
-0.0291460000 -0.0309990000 0.0316730000
-0.0240210000 0.0052430000 -0.0135350000
0.0325110000 0.0195260000 -0.0075260000
0.0237250000 -0.0293490000 -0.0224380000
0.0522290000 0.0028610000 -0.0207610000
0.0281700000 -0.0249320000 0.0166600000
0.0004320000 0.0234020000 -0.0158520000
-0.0043030000 -0.0196760000 -0.0100180000
0.0216210000 -0.0380870000 0.0401720000
0.0559410000 -0.0067510000 0.0260450000
-0.0417200000 -0.0134910000 -0.0138020000
-0.0374070000 0.0229430000 -0.0253270000
-0.0102930000 0.0410540000 0.0176510000
0.0194510000 0.0079500000 -0.0236350000
-0.0166940000 0.0392220000 -0.0126830000
-0.0127840000 -0.0387760000 -0.0203970000
0.0078830000 0.0400030000 0.0324690000
-0.0214480000 -0.0089470000 -0.0374070000
0.0033330000 0.0405430000 -0.0308620000
0.0257430000 0.0291290000 0.0192310000
-0.0141520000 -0.0387270000 0.0166400000
0.0409400000 0.0061600000 0.0419390000
-0.0396570000 0.0176870000 0.0201690000
0.0111310000 -0.0128080000 -0.0366050000
-0.0219230000 0.0140760000 -0.0377790000
-0.0393570000 -0.0191480000 0.0166890000
-0.0275530000 0.0340650000 0.0282210000
0.0350830000 -0.0113560000 -0.0183150000
-0.0414810000 0.0165770000 -0.0049330000
0.0191210000 0.0343100000 -0.0140710000
0.0364270000 -0.0078720000 0.0081230000
0.0069540000 -0.0386290000 -0.0143330000
0.0215320000 -0.0285710000 -0.0022100000
-0.0230480000 -0.0130830000 -0.0044050000
0.0075940000 -0.0374250000 0.0261850000
0.0058740000 0.0222790000 -0.0379170000
0.0333590000 0.0133990000 -0.0357400000
0.0135530000 0.0205380000 -0.0023690000
-0.0157000000 0.0224240000 -0.0045630000
-0.0110050000 -0.0393530000 -0.0017170000
-0.0433910000 0.0006500000 0.0266070000
0.0017380000 0.0409290000 -0.0108600000
-0.0439660000 0.0039890000 -0.0184690000
-0.0166310000 0.0229700000 -0.0228500000
-0.0118950000 -0.0218830000 -0.0264570000
0.0369340000 0.0021460000 -0.0066720000
0.0378350000 -0.0085910000 0.0259330000
-0.0478410000 0.0084990000 0.0420020000
0.0114280000 -0.0133330000 -0.0183370000
0.0171460000 -0.0290910000 -0.0384510000
0.0626900000 0.0043140000 0.0143890000
0.0316740000 0.0185020000 0.0336270000
-0.0203980000 -0.0415340000 0.0417840000
-0.0165130000 -0.0355800000 -0.0368680000
-0.0412390000 -0.0248280000 0.0418190000
-0.0315240000 0.0305510000 -0.0113760000
-0.0407770000 -0.0150950000 -0.0305520000
-0.0234010000 -0.0096940000 -0.0208780000
-0.0275900000 -0.0321280000 -0.0152720000
-0.0088170000 0.0395480000 0.0013980000
-0.0053040000 -0.0117480000 -0.0371360000
0.0132430000 0.0031900000 -0.0374920000
0.0278330000 -0.0256040000 0.0325970000
0.0314200000 0.0190940000 0.0083410000
0.0366880000 0.0062460000 -0.0220140000
-0.0380220000 -0.0173440000 0.0010610000
0.0327920000 -0.0176810000 -0.0036990000
0.0593340000 -0.0082680000 -0.0122730000
0.0298810000 -0.0210450000 -0.0342000000
-0.0096880000 0.0238140000 -0.0378130000
-0.0319530000 0.0047220000 -0.0001410000
0.0310500000 0.0216520000 -0.0229660000
-0.0304150000 0.0038130000 -0.0273880000
-0.0287200000 -0.0315710000 0.0164060000
0.0237500000 0.0307730000 0.0021720000
0.0174210000 0.0073490000 -0.0086690000
-0.0369350000 0.0151610000 -0.0381970000
0.0065430000 -0.0250530000 -0.0012740000
-0.0268370000 0.0398730000 0.0419370000
