0.0081050000 -0.0385400000 0.0224860000
-0.0123630000 0.0386760000 -0.0364380000
-0.0414540000 0.0266840000 0.0415600000
0.0594050000 0.0025910000 -0.0149960000
0.0291390000 0.0320840000 0.0418140000
-0.0286560000 -0.0293400000 -0.0362020000
-0.0408680000 -0.0270240000 0.0406390000
0.0231270000 -0.0288760000 -0.0344900000
-0.0433270000 0.0104470000 -0.0068600000
0.0155430000 0.0179680000 -0.0026850000
0.0428190000 -0.0087780000 0.0262830000
-0.0074500000 0.0413360000 0.0229500000
-0.0269920000 -0.0328370000 0.0037220000
0.0290660000 0.0103500000 -0.0388230000
-0.0073210000 0.0015430000 -0.0356810000
0.0285880000 -0.0243040000 -0.0009910000
0.0013990000 -0.0397290000 -0.0116380000
-0.0232370000 0.0366010000 -0.0055500000
-0.0400710000 0.0013730000 -0.0380830000
-0.0445540000 0.0002430000 0.0236750000
-0.0148940000 -0.0430760000 0.0419350000
0.0167530000 0.0356740000 -0.0274130000
0.0294360000 -0.0305780000 0.0416760000
-0.0211300000 -0.0096610000 -0.0127210000
0.0652950000 0.0014840000 0.0125840000
0.0338360000 0.0169810000 0.0184080000
0.0171430000 -0.0054640000 -0.0195890000
-0.0350940000 0.0261220000 -0.0281390000
-0.0368430000 0.0251610000 0.0149710000
-0.0027160000 -0.0366430000 -0.0380140000
0.0027630000 0.0408000000 -0.0054010000
0.0371130000 0.0003330000 -0.0013410000
0.0166620000 0.0359910000 0.0156260000
-0.0421560000 -0.0129670000 0.0019900000
0.0406680000 0.0103310000 0.0416110000
0.0080700000 0.0447270000 0.0417800000
-0.0229510000 0.0422610000 0.0415200000
-0.0205870000 0.0142990000 -0.0132420000
0.0401420000 -0.0075580000 -0.0238330000
0.0335880000 0.0168560000 -0.0168700000
-0.0406780000 -0.0154180000 -0.0227130000
0.0024240000 0.0216850000 -0.0375840000
-0.0200470000 -0.0364430000 -0.0170360000
-0.0029390000 -0.0206530000 -0.0220390000
-0.0255820000 -0.0322240000 0.0256790000
0.0271480000 -0.0245970000 0.0206890000
-0.0071910000 -0.0398600000 0.0077190000
0.0092450000 -0.0132520000 -0.0375800000
-0.0010300000 0.0237930000 -0.0165840000
0.0082670000 -0.0210910000 -0.0033170000
