0.0372890000 0.0055370000 -0.0229660000
-0.0500260000 -0.0012550000 0.0411510000
-0.0389490000 -0.0149560000 -0.0369020000
0.0205580000 -0.0379810000 0.0414750000
0.0144240000 0.0425180000 0.0416960000
-0.0158180000 0.0394520000 -0.0139970000
0.0050990000 -0.0391180000 -0.0124030000
0.0573780000 -0.0008710000 0.0269750000
-0.0227610000 -0.0352910000 0.0247850000
-0.0301570000 0.0388920000 0.0402940000
-0.0437540000 0.0089100000 -0.0007060000
-0.0025110000 0.0067030000 -0.0370410000
0.0208810000 0.0331930000 0.0024180000
0.0300160000 -0.0203240000 0.0092770000
-0.0361780000 0.0209290000 -0.0368880000
0.0224670000 -0.0227280000 -0.0388810000
0.0186040000 0.0343430000 -0.0325180000
-0.0194930000 -0.0148860000 -0.0066380000
0.0646530000 -0.0055430000 -0.0059970000
-0.0071240000 0.0413820000 0.0174390000
0.0360780000 0.0184050000 0.0419310000
-0.0130650000 -0.0340080000 -0.0385800000
0.0365980000 0.0084840000 0.0075940000
-0.0415670000 -0.0146700000 0.0165080000
0.0054040000 -0.0381360000 0.0165760000
0.0136820000 -0.0098720000 -0.0121310000
0.0356680000 -0.0133860000 0.0411400000
-0.0324620000 0.0302920000 0.0135780000
-0.0077980000 0.0332330000 -0.0387450000
-0.0048860000 -0.0450540000 0.0416140000
-0.0408020000 -0.0259190000 0.0416580000
-0.0214740000 0.0139270000 -0.0158830000
0.0118080000 0.0157460000 -0.0155860000
-0.0155120000 -0.0381600000 0.0012150000
-0.0422950000 -0.0116110000 -0.0134350000
-0.0296330000 -0.0305030000 -0.0216190000
-0.0404560000 0.0187650000 0.0326310000
0.0204340000 0.0115040000 -0.0382000000
-0.0083650000 0.0467860000 0.0408850000
0.0248140000 0.0298820000 0.0252680000
0.0006000000 -0.0158550000 -0.0361500000
0.0067980000 0.0398270000 -0.0142110000
0.0245190000 -0.0286370000 -0.0171780000
-0.0241620000 0.0017250000 -0.0375240000
0.0353760000 -0.0113900000 -0.0096120000
0.0077030000 -0.0376050000 -0.0342870000
-0.0434940000 0.0078160000 -0.0219780000
-0.0330700000 0.0291760000 -0.0074520000
0.0360440000 0.0027330000 0.0278230000
-0.0332810000 -0.0275360000 0.0020210000
0.0320540000 0.0203570000 -0.0091180000
-0.0044900000 0.0254620000 -0.0053400000
-0.0443370000 0.0050130000 0.0188180000
0.0135810000 -0.0259510000 -0.0002430000
0.0319540000 -0.0053640000 -0.0385020000
0.0267250000 -0.0250890000 0.0281530000
0.0525350000 -0.0063450000 -0.0211370000
-0.0249680000 0.0350240000 -0.0305080000
-0.0124640000 -0.0388990000 -0.0198760000
-0.0040470000 -0.0196540000 -0.0180940000
-0.0201080000 -0.0166010000 -0.0364880000
0.0634980000 0.0040510000 0.0100120000
0.0108850000 0.0387740000 0.0166360000
-0.0186560000 0.0370790000 0.0038220000
