-0.0299970000 -0.0286850000 0.0318390000
0.0635800000 -0.0000450000 -0.0103060000
-0.0199800000 0.0360220000 -0.0363020000
0.0126120000 0.0436120000 0.0413310000
0.0019120000 -0.0372590000 -0.0371670000
0.0339840000 -0.0250350000 0.0416990000
-0.0421630000 0.0266690000 0.0404840000
-0.0423640000 -0.0110250000 -0.0188510000
0.0155020000 0.0171070000 -0.0032060000
0.0075580000 -0.0385770000 0.0077130000
0.0303290000 -0.0035160000 -0.0388940000
-0.0202200000 0.0381490000 0.0061620000
0.0403950000 0.0146220000 0.0406660000
-0.0078690000 -0.0002630000 -0.0356440000
0.0172500000 0.0316770000 -0.0376780000
0.0339260000 -0.0129350000 0.0070050000
-0.0444870000 0.0005060000 0.0156600000
0.0003090000 -0.0443080000 0.0419770000
-0.0208850000 -0.0362020000 -0.0111020000
0.0617570000 -0.0034370000 0.0225980000
-0.0389000000 0.0210040000 -0.0141310000
0.0081840000 -0.0152380000 -0.0134280000
-0.0178100000 0.0447310000 0.0408980000
-0.0254840000 -0.0253030000 -0.0387500000
0.0007530000 0.0410150000 -0.0147800000
0.0079300000 0.0397710000 0.0129330000
-0.0478630000 -0.0092130000 0.0418860000
-0.0356100000 0.0077160000 -0.0386770000
0.0354830000 0.0128700000 0.0142860000
0.0367570000 0.0042630000 -0.0134140000
-0.0367970000 -0.0233910000 0.0062350000
0.0253620000 -0.0276380000 -0.0290450000
