-0.0215830000 -0.0233230000 -0.0382630000
0.0242950000 0.0365210000 0.0419700000
-0.0486450000 -0.0081890000 0.0415170000
0.0552740000 -0.0052240000 -0.0201020000
0.0202370000 -0.0388400000 0.0407520000
0.0027740000 0.0407730000 -0.0249810000
-0.0415800000 0.0160350000 -0.0063970000
-0.0279740000 0.0401330000 0.0404260000
-0.0200170000 -0.0365430000 0.0103640000
0.0512560000 -0.0023910000 0.0288370000
0.0182790000 -0.0335210000 -0.0159600000
0.0304490000 0.0232560000 0.0021550000
0.0169490000 0.0029020000 -0.0377290000
-0.0011780000 0.0414170000 0.0131370000
-0.0206930000 0.0144320000 -0.0376810000
-0.0398210000 -0.0180410000 -0.0101380000
0.0290320000 -0.0218760000 0.0132450000
-0.0126870000 -0.0435120000 0.0419750000
-0.0412460000 0.0170990000 0.0245620000
-0.0086800000 -0.0188300000 -0.0114350000
-0.0213920000 0.0374320000 -0.0081620000
0.0191270000 -0.0027610000 -0.0064010000
-0.0429570000 -0.0038500000 -0.0352030000
0.0274170000 0.0267180000 -0.0262630000
0.0662050000 0.0019920000 0.0050790000
0.0069450000 -0.0387160000 0.0162180000
-0.0397430000 -0.0183850000 0.0174090000
-0.0012270000 0.0468440000 0.0411610000
0.0058390000 -0.0226530000 -0.0379290000
-0.0366950000 -0.0319290000 0.0405470000
0.0319730000 -0.0181140000 -0.0324330000
0.0327580000 0.0164770000 0.0274090000
0.0059400000 0.0220890000 -0.0065780000
0.0360480000 -0.0185040000 0.0420380000
-0.0078560000 -0.0396820000 -0.0252780000
-0.0249030000 0.0342050000 0.0163480000
0.0372380000 0.0009380000 0.0093310000
-0.0247450000 -0.0004390000 -0.0168390000
-0.0198750000 0.0375510000 -0.0322090000
0.0020130000 0.0209130000 -0.0374930000
-0.0052800000 -0.0026640000 -0.0356880000
0.0364190000 0.0075070000 -0.0173330000
0.0189500000 0.0328860000 0.0196760000
-0.0246170000 -0.0341810000 -0.0115070000
-0.0030630000 -0.0401300000 -0.0037190000
-0.0407250000 0.0169840000 -0.0285650000
-0.0445990000 0.0011920000 0.0093000000
0.0316160000 -0.0196460000 -0.0076570000
-0.0169700000 0.0195080000 -0.0177790000
0.0111420000 -0.0140660000 -0.0206900000
0.0103230000 -0.0215590000 -0.0023460000
-0.0408080000 0.0255150000 0.0421550000
0.0387860000 0.0049430000 0.0416800000
-0.0016870000 0.0414260000 -0.0061210000
0.0358060000 0.0006640000 -0.0353370000
0.0163440000 0.0362290000 0.0008520000
-0.0442270000 0.0000780000 -0.0164540000
0.0161670000 0.0123280000 -0.0209090000
-0.0242380000 -0.0044110000 -0.0374670000
-0.0378270000 -0.0208490000 -0.0289610000
