-0.0122570000 0.0404250000 -0.0128200000
0.0045750000 -0.0447060000 0.0412140000
0.0646690000 -0.0024690000 -0.0078220000
-0.0082160000 -0.0362120000 -0.0381130000
-0.0494320000 0.0059730000 0.0412750000
0.0290310000 0.0301430000 0.0422420000
-0.0439710000 -0.0041900000 -0.0123920000
0.0219070000 0.0081290000 -0.0382020000
-0.0183200000 0.0445570000 0.0407900000
0.0239950000 -0.0293540000 -0.0015320000
0.0398000000 -0.0147550000 0.0402840000
-0.0195580000 -0.0367820000 0.0049120000
0.0267890000 0.0278730000 -0.0003520000
-0.0351620000 -0.0317960000 0.0418280000
-0.0173310000 0.0102830000 -0.0373620000
-0.0368080000 0.0253110000 0.0114680000
0.0249200000 -0.0263060000 -0.0359720000
0.0371310000 -0.0013400000 0.0100940000
0.0023550000 0.0410060000 0.0161530000
0.0099470000 0.0377190000 -0.0356600000
