0.0294710000 -0.0228290000 -0.0207530000
-0.0379320000 0.0320430000 0.0411250000
-0.0399160000 0.0134720000 -0.0366930000
-0.0155880000 -0.0438690000 0.0409430000
0.0375430000 0.0209010000 0.0411700000
0.0135850000 0.0374520000 -0.0142260000
-0.0243080000 -0.0343000000 -0.0132810000
0.0665200000 0.0011500000 0.0044560000
0.0318910000 -0.0287880000 0.0405630000
-0.0429680000 -0.0105560000 0.0224100000
0.0028250000 0.0467000000 0.0406510000
-0.0274330000 0.0341460000 -0.0009870000
0.0012630000 0.0038680000 -0.0370270000
0.0083770000 -0.0382960000 0.0096940000
0.0286700000 0.0072840000 0.0000730000
0.0010160000 -0.0354360000 -0.0384580000
-0.0141740000 0.0381360000 -0.0364110000
-0.0259440000 -0.0000660000 -0.0071090000
0.0334660000 0.0160420000 -0.0331180000
0.0205930000 0.0335120000 0.0170230000
-0.0339650000 -0.0177020000 -0.0384910000
0.0481610000 -0.0054670000 0.0284300000
0.0531690000 -0.0043190000 -0.0218380000
0.0016320000 -0.0183660000 -0.0114970000
0.0314190000 -0.0204320000 0.0087690000
-0.0261950000 -0.0332900000 0.0157560000
-0.0412920000 0.0171500000 0.0167880000
-0.0062050000 0.0414230000 0.0148480000
-0.0378850000 -0.0285330000 0.0419420000
-0.0489040000 0.0072820000 0.0416200000
0.0105090000 0.0286870000 -0.0387430000
-0.0091820000 0.0228070000 -0.0157960000
0.0103690000 -0.0433380000 0.0403050000
0.0240460000 -0.0061920000 -0.0383070000
-0.0391720000 -0.0195830000 -0.0005020000
-0.0406060000 0.0178650000 -0.0130100000
0.0146860000 0.0131070000 -0.0189530000
-0.0437150000 -0.0044500000 -0.0216710000
-0.0107960000 -0.0157200000 -0.0360650000
-0.0267290000 0.0345570000 0.0216810000
