-0.0033300000 -0.0392670000 0.0377660000
-0.0035430000 0.0390820000 -0.0371500000
0.0664250000 0.0000560000 0.0003220000
-0.0286110000 0.0392200000 0.0415250000
-0.0139410000 -0.0361550000 -0.0373830000
0.0318410000 0.0288550000 0.0419030000
-0.0441920000 0.0057800000 -0.0061310000
0.0293380000 -0.0036550000 -0.0388830000
-0.0466370000 -0.0118630000 0.0420960000
0.0268970000 -0.0264170000 0.0030270000
0.0269460000 0.0276140000 -0.0041660000
0.0389640000 -0.0133850000 0.0419300000
-0.0274120000 -0.0324580000 0.0031500000
-0.0116140000 0.0408240000 0.0034870000
-0.0200530000 0.0030550000 -0.0372960000
0.0181730000 -0.0334150000 -0.0287130000
0.0037610000 0.0464780000 0.0407050000
-0.0312970000 0.0306090000 -0.0226960000
-0.0420120000 0.0149560000 0.0247880000
0.0362290000 0.0024410000 0.0140320000
-0.0382710000 -0.0200330000 -0.0242860000
0.0252370000 0.0271260000 -0.0357080000
-0.0018830000 -0.0201600000 -0.0085560000
0.0175290000 0.0015400000 -0.0117380000
-0.0317650000 -0.0363440000 0.0404820000
0.0499190000 -0.0078380000 -0.0207060000
0.0034080000 -0.0394900000 0.0108220000
0.0031060000 -0.0120160000 -0.0373150000
-0.0424850000 -0.0121830000 0.0146500000
0.0219560000 -0.0312960000 0.0298120000
0.0002070000 0.0229540000 -0.0134340000
0.0118400000 0.0368020000 0.0165680000
0.0590100000 -0.0046520000 0.0251590000
-0.0346060000 0.0279810000 0.0032580000
0.0036080000 0.0135520000 -0.0372840000
-0.0429670000 0.0099800000 -0.0305760000
-0.0241250000 -0.0081370000 -0.0063920000
0.0354050000 0.0116400000 -0.0222040000
-0.0139730000 -0.0386840000 -0.0144400000
-0.0208320000 0.0140410000 -0.0106740000
0.0300300000 0.0237540000 0.0198500000
-0.0121600000 0.0394090000 0.0259510000
0.0418400000 0.0087090000 0.0402870000
0.0315440000 -0.0197420000 -0.0175120000
-0.0190110000 -0.0371030000 0.0227310000
0.0124150000 0.0380320000 -0.0225700000
0.0120020000 -0.0368060000 -0.0086630000
-0.0128140000 0.0402950000 -0.0177040000
-0.0185710000 0.0242010000 -0.0383450000
-0.0169880000 -0.0176290000 -0.0237030000
0.0337260000 -0.0163500000 0.0219550000
0.0370530000 -0.0017630000 -0.0060200000
0.0074150000 0.0397600000 -0.0030140000
-0.0306040000 0.0317370000 0.0226240000
-0.0418790000 0.0244900000 0.0420260000
-0.0368190000 -0.0068080000 -0.0385690000
-0.0396260000 -0.0187270000 -0.0031140000
-0.0495350000 0.0070870000 0.0409130000
-0.0338650000 -0.0252590000 0.0252600000
0.0009180000 -0.0397020000 -0.0255460000
0.0111420000 -0.0140660000 -0.0206900000
-0.0268530000 -0.0227730000 -0.0386120000
0.0147660000 0.0170360000 -0.0232010000
0.0163250000 0.0347510000 0.0343020000
0.0289500000 -0.0212140000 -0.0359410000
0.0137490000 -0.0418950000 0.0411150000
0.0146530000 -0.0159140000 -0.0038810000
-0.0294250000 -0.0307700000 -0.0140570000
0.0266300000 0.0110670000 0.0005560000
-0.0438160000 -0.0042280000 -0.0200560000
0.0047110000 -0.0292490000 -0.0385980000
-0.0267720000 -0.0011180000 -0.0222090000
-0.0117920000 -0.0391620000 0.0024100000
-0.0433280000 0.0048650000 0.0108190000
0.0206690000 0.0107920000 -0.0381910000
0.0424470000 -0.0034630000 0.0284420000
-0.0129160000 0.0452480000 0.0418750000
-0.0390420000 0.0208160000 -0.0114220000
-0.0433220000 -0.0017520000 0.0277140000
-0.0240580000 0.0360430000 -0.0064800000
-0.0137710000 0.0244990000 -0.0226570000
-0.0348220000 0.0227390000 -0.0369660000
0.0092850000 0.0287640000 -0.0386640000
0.0352130000 -0.0124320000 0.0060530000
0.0584680000 0.0036650000 -0.0133990000
0.0115360000 0.0240590000 -0.0012710000
0.0181080000 -0.0338580000 0.0144230000
0.0075940000 -0.0374250000 0.0261850000
0.0281400000 0.0259670000 -0.0199530000
0.0322160000 -0.0277120000 0.0414020000
-0.0100010000 -0.0207200000 -0.0375370000
-0.0158270000 -0.0226160000 -0.0017680000
-0.0126620000 0.0264060000 -0.0027390000
-0.0194460000 0.0378560000 -0.0313360000
-0.0177880000 -0.0428100000 0.0414480000
-0.0311920000 0.0113710000 0.0002970000
-0.0049740000 0.0010430000 -0.0357770000
0.0350230000 0.0107800000 0.0267270000
0.0220350000 0.0012240000 -0.0265480000
-0.0024620000 -0.0216090000 -0.0241280000
-0.0254730000 0.0154540000 -0.0251420000
0.0359630000 -0.0081680000 -0.0261310000
0.0630670000 -0.0092690000 0.0114400000
-0.0361600000 -0.0044870000 0.0015060000
-0.0021260000 0.0415190000 0.0150810000
-0.0252990000 -0.0335430000 -0.0280130000
-0.0238930000 0.0364230000 0.0103910000
-0.0364930000 -0.0224620000 0.0397180000
0.0102660000 0.0005840000 -0.0361520000
0.0177700000 -0.0123040000 -0.0380010000
0.0224380000 0.0302340000 0.0094610000
0.0039380000 0.0395300000 0.0281810000
0.0241640000 -0.0056780000 -0.0010810000
-0.0360230000 -0.0243890000 0.0111170000
-0.0017310000 -0.0399990000 -0.0076170000
-0.0012270000 0.0296150000 -0.0264510000
0.0239330000 -0.0292150000 -0.0104580000
0.0624350000 0.0043280000 0.0148350000
-0.0200950000 -0.0108230000 -0.0360960000
0.0343000000 0.0091390000 -0.0362010000
-0.0407800000 0.0184890000 0.0112560000
-0.0053690000 -0.0402310000 0.0221600000
0.0010350000 0.0410280000 -0.0152280000
0.0035880000 -0.0301650000 0.0004100000
-0.0102640000 0.0137060000 -0.0357630000
0.0336040000 0.0170820000 -0.0095950000
0.0601320000 -0.0086590000 -0.0080740000
-0.0319370000 0.0096790000 -0.0384190000
