-0.0789570000 0.0603490000 -0.0113050000
0.0520960000 -0.1093770000 0.0218530000
0.0830140000 0.0510110000 -0.0028290000
-0.0024770000 -0.0170730000 -0.0009590000
-0.0424230000 -0.1097400000 -0.0167980000
0.0012040000 0.0663950000 0.0212390000
0.0528680000 -0.0504990000 -0.0052950000
-0.0027900000 -0.0817870000 0.0209070000
0.0279720000 0.0338710000 -0.0232740000
-0.0394870000 0.0255510000 0.0138620000
0.0179150000 -0.1107400000 -0.0249400000
-0.0209310000 0.0553220000 -0.0247180000
0.0433150000 -0.0024730000 0.0049870000
0.0425060000 0.0436050000 0.0205570000
-0.0376340000 -0.1104230000 0.0285880000
0.0042000000 0.0240510000 0.0117350000
-0.0423320000 0.0687810000 0.0105870000
0.0577270000 -0.0975040000 -0.0184390000
0.0121260000 -0.0555600000 -0.0071190000
0.0477270000 0.0662290000 -0.0114740000
