0.0280150000 -0.0313610000 -0.0169370000
-0.0998610000 0.0552660000 0.0061360000
-0.0401420000 -0.1116140000 0.0258430000
0.0751650000 0.0658320000 0.0003070000
-0.0126820000 0.0509230000 -0.0227450000
0.0510650000 -0.1090710000 0.0249840000
0.0047500000 -0.1073530000 -0.0252330000
0.0304430000 0.0236060000 0.0125950000
-0.0441790000 0.0413000000 0.0242420000
-0.0143760000 -0.0032290000 0.0001530000
0.0049390000 -0.0821320000 0.0219480000
0.0044780000 0.0655770000 0.0221530000
0.0431030000 -0.0786510000 -0.0133540000
0.0355730000 0.0534960000 -0.0251150000
-0.0603560000 0.0487770000 -0.0200900000
-0.0354520000 -0.0879280000 -0.0134880000
0.0683440000 0.0229530000 -0.0117700000
0.0336130000 -0.0533320000 0.0167050000
-0.0073430000 0.0280570000 0.0227050000
0.0193140000 -0.0129850000 0.0155300000
-0.0301110000 0.0711670000 0.0046760000
0.0090780000 0.0189380000 -0.0192090000
0.0416890000 0.0595580000 0.0162050000
-0.0748430000 0.0279570000 0.0081090000
-0.0084650000 -0.1129390000 0.0081140000
-0.0393270000 0.0224430000 -0.0066740000
0.0344600000 -0.1122970000 -0.0062190000
-0.0661450000 0.0650400000 0.0105460000
0.0389880000 0.0010190000 -0.0121550000
0.0694680000 0.0379730000 0.0185230000
0.0184050000 -0.1115470000 0.0274280000
0.0156970000 -0.0611090000 -0.0095030000
