0.0455120000 -0.0332140000 -0.0117740000
-0.1002950000 0.0547470000 0.0056540000
-0.0409550000 -0.1117810000 0.0237730000
0.0092130000 0.0667380000 0.0204330000
0.0457640000 -0.1110280000 0.0260400000
0.0804720000 0.0432330000 -0.0172600000
-0.0161890000 0.0035620000 -0.0033970000
0.0033200000 -0.0853960000 -0.0188860000
-0.0414550000 0.0602580000 -0.0189240000
0.0383290000 0.0181900000 0.0125590000
0.0111710000 0.0423290000 -0.0253690000
0.0567230000 -0.0978760000 -0.0222610000
-0.0316220000 0.0404170000 0.0245940000
0.0302340000 -0.0677850000 0.0158150000
-0.0352330000 -0.1102460000 -0.0217090000
-0.0660170000 0.0257200000 -0.0021200000
0.0536800000 0.0605760000 0.0149660000
0.0022030000 -0.1001540000 0.0291740000
0.0154150000 -0.0188620000 0.0149510000
-0.0627240000 0.0631910000 0.0144010000
-0.0281690000 -0.0819430000 0.0032830000
0.0456070000 0.0572090000 -0.0218680000
0.0200650000 0.0019490000 -0.0160480000
0.0043550000 0.0296090000 0.0236490000
0.0260310000 -0.1124600000 -0.0062890000
0.0112200000 -0.0472230000 -0.0086510000
0.0620970000 0.0136780000 -0.0128570000
-0.0083500000 0.0667780000 -0.0096090000
-0.0080380000 -0.1130680000 -0.0009490000
0.0730830000 0.0322560000 0.0143450000
-0.0220940000 0.0316300000 -0.0218780000
-0.0747480000 0.0549040000 -0.0155430000
0.0477250000 -0.0653800000 -0.0110190000
-0.0318380000 0.0690420000 0.0112340000
0.0574980000 -0.0882880000 0.0076260000
0.0435750000 -0.0110160000 0.0083640000
0.0214700000 0.0686050000 -0.0067270000
0.0362770000 0.0280790000 -0.0169660000
0.0374290000 -0.0390980000 0.0161340000
0.0296770000 0.0451900000 0.0226140000
0.0017050000 -0.0786350000 0.0094400000
-0.0796060000 0.0400660000 0.0197050000
-0.0374830000 0.0222380000 0.0027180000
0.0684780000 0.0670390000 -0.0083470000
0.0310200000 -0.0872450000 -0.0208480000
0.0010960000 -0.0167800000 -0.0079170000
-0.0907880000 0.0341550000 -0.0086880000
0.0057250000 -0.1116140000 -0.0239090000
0.0016230000 0.0208000000 -0.0130990000
0.0272120000 -0.0921130000 0.0262560000
