0.0692240000 0.0572810000 -0.0219670000
-0.0408650000 -0.1121150000 0.0230010000
-0.1008870000 0.0487600000 0.0053490000
0.0537660000 -0.0536480000 -0.0011970000
-0.0109520000 0.0162680000 0.0108530000
0.0158490000 -0.1123310000 -0.0233940000
-0.0415620000 0.0691820000 -0.0084530000
0.0494490000 -0.1074300000 0.0272390000
0.0173790000 0.0691560000 0.0056420000
0.0462580000 0.0060630000 -0.0021630000
0.0030410000 -0.0805420000 0.0192000000
0.0078130000 -0.0292940000 -0.0066500000
-0.0584330000 0.0254150000 0.0037670000
-0.0262360000 -0.0911300000 -0.0171960000
-0.0061240000 0.0445090000 -0.0250150000
0.0539960000 0.0457610000 0.0193310000
0.0580980000 -0.0979010000 -0.0161820000
-0.0182550000 0.0556310000 0.0241190000
0.0339500000 0.0375200000 -0.0250090000
0.0244620000 -0.0760400000 -0.0128440000
0.0777510000 0.0263950000 -0.0024290000
-0.0670430000 0.0591220000 0.0167720000
0.0371100000 -0.0252980000 0.0160440000
-0.0079860000 -0.1130040000 0.0060940000
0.0185890000 0.0360430000 0.0210780000
-0.0732160000 0.0504460000 -0.0182080000
0.0125390000 0.0057210000 -0.0146790000
-0.0399170000 0.0375720000 -0.0227580000
0.0158760000 -0.1098850000 0.0296170000
0.0259080000 -0.0561180000 0.0164350000
-0.0293250000 -0.0832620000 0.0140220000
0.0393180000 -0.0287680000 -0.0160000000
0.0122990000 -0.0060500000 0.0142050000
0.0803450000 0.0572860000 0.0070860000
0.0475800000 0.0680690000 -0.0015720000
0.0468720000 -0.0794890000 0.0142140000
0.0176970000 0.0641570000 -0.0248040000
0.0358260000 -0.1120970000 0.0001340000
-0.0161340000 -0.0127090000 0.0025090000
-0.0110230000 0.0677630000 -0.0054280000
-0.0431020000 -0.1133240000 -0.0068780000
-0.0441790000 0.0413000000 0.0242420000
-0.0848700000 0.0281330000 -0.0053560000
-0.0025230000 -0.0801430000 -0.0081190000
-0.0156720000 -0.1012090000 0.0292680000
-0.0113240000 -0.1134510000 -0.0208290000
-0.0190950000 0.0234640000 -0.0135450000
0.0597870000 0.0322430000 -0.0215820000
0.0224780000 -0.0493450000 -0.0151180000
-0.0781710000 0.0358600000 0.0181520000
0.0401900000 0.0257730000 0.0122530000
-0.0836240000 0.0656520000 -0.0008180000
-0.0399880000 0.0645930000 0.0159580000
0.0344610000 -0.0958190000 -0.0237120000
-0.0345860000 0.0228590000 0.0092890000
0.0258890000 -0.0883010000 0.0231390000
0.0115220000 0.0278220000 -0.0247300000
0.0322570000 0.0562130000 0.0202830000
0.0486290000 -0.0761910000 -0.0096340000
-0.0261430000 0.0575790000 -0.0232500000
0.0597130000 -0.0984850000 0.0074970000
0.0052970000 0.0556120000 0.0213520000
0.0156430000 -0.0342340000 0.0147700000
0.0322420000 -0.0066990000 -0.0158350000
0.0460440000 0.0569690000 -0.0218330000
0.0617620000 0.0167250000 0.0109880000
-0.0049550000 0.0353820000 0.0212620000
0.0144350000 -0.1121520000 0.0069890000
0.0206720000 0.0148630000 0.0133300000
0.0320570000 0.0174390000 -0.0152980000
0.0120850000 -0.0623010000 -0.0001450000
0.0345150000 -0.0032470000 0.0142210000
0.0749480000 0.0376160000 0.0165060000
-0.0083140000 0.0048680000 -0.0075560000
0.0475110000 -0.0157400000 -0.0004410000
0.0111140000 -0.0911740000 -0.0208190000
-0.0629390000 0.0658600000 -0.0070740000
-0.0411130000 -0.0920620000 -0.0015030000
-0.0598570000 0.0336280000 -0.0159020000
0.0635690000 0.0135840000 -0.0118530000
0.0437770000 -0.0452240000 0.0149040000
0.0813400000 0.0453340000 -0.0102850000
-0.0927180000 0.0459140000 -0.0134220000
-0.0030880000 0.0647020000 -0.0242210000
-0.0514220000 0.0538180000 -0.0187040000
0.0445030000 -0.1127770000 -0.0181720000
-0.0282140000 -0.1137550000 0.0067970000
-0.0250670000 0.0349620000 0.0228680000
0.0676210000 0.0676770000 -0.0046300000
-0.0867880000 0.0563890000 0.0171530000
-0.0431650000 0.0234940000 -0.0088590000
0.0398720000 -0.0589320000 -0.0145060000
-0.0310360000 -0.1099770000 -0.0221190000
-0.0216250000 0.0697440000 0.0108560000
0.0027850000 -0.0109570000 -0.0120190000
0.0294290000 0.0670260000 -0.0093900000
0.0321060000 -0.1117010000 0.0192030000
0.0621540000 0.0621680000 0.0130520000
0.0523070000 -0.0343600000 0.0007520000
-0.0252520000 0.0083870000 0.0008150000
