0.0213220000 0.0573020000 -0.0226930000
-0.0385410000 -0.1128920000 0.0245510000
-0.1004570000 0.0455220000 0.0066550000
0.0536670000 -0.0506430000 -0.0023180000
-0.0155480000 -0.0101510000 0.0020890000
0.0173720000 -0.1116110000 -0.0242540000
-0.0323420000 0.0553290000 0.0236540000
0.0789440000 0.0367020000 0.0124450000
0.0515860000 -0.1049430000 0.0260780000
0.0389370000 0.0039340000 -0.0123670000
0.0038810000 -0.0801400000 0.0179340000
-0.0254980000 0.0343180000 -0.0231010000
0.0117860000 0.0289080000 0.0234950000
-0.0266020000 -0.0925570000 -0.0178450000
-0.0612330000 0.0627340000 -0.0123240000
0.0103960000 -0.0448760000 -0.0080780000
0.0580640000 -0.0978850000 -0.0165240000
0.0426460000 0.0605560000 0.0153720000
0.0647200000 0.0560390000 -0.0235130000
-0.0625070000 0.0283600000 0.0122340000
-0.0147880000 0.0702960000 -0.0090950000
0.0326230000 -0.0226810000 0.0166790000
0.0061020000 0.0659750000 0.0216690000
0.0272850000 -0.0773190000 -0.0137160000
-0.0056960000 -0.1129220000 0.0045900000
0.0083540000 0.0238660000 -0.0137220000
-0.0258980000 0.0229410000 0.0105630000
0.0177420000 -0.1095070000 0.0298050000
0.0461790000 0.0264950000 0.0121670000
-0.0291800000 -0.0831850000 0.0136520000
0.0650320000 0.0237650000 -0.0148270000
0.0277460000 -0.0578830000 0.0165140000
-0.0785210000 0.0355140000 -0.0150170000
-0.0731090000 0.0582760000 0.0174830000
0.0362510000 -0.0276950000 -0.0165860000
0.0108740000 -0.0095480000 -0.0141910000
0.0520320000 -0.0796890000 0.0079270000
0.0718900000 0.0659970000 0.0047820000
0.0343860000 -0.1119950000 0.0014650000
0.0132460000 0.0001520000 0.0141030000
-0.0436220000 -0.1132110000 -0.0048410000
0.0364110000 0.0321010000 -0.0206020000
-0.0014830000 -0.0804120000 -0.0109100000
-0.0130460000 -0.1009570000 0.0292340000
-0.0511340000 0.0304910000 -0.0130750000
0.0305200000 -0.0862120000 0.0235450000
-0.0394290000 0.0702100000 0.0022460000
-0.0094950000 -0.1127810000 -0.0221270000
-0.0046930000 0.0508580000 -0.0247800000
0.0438090000 0.0664930000 -0.0108820000
-0.0363980000 0.0584910000 -0.0215490000
-0.0868760000 0.0625730000 -0.0076320000
0.0081810000 -0.0248940000 0.0084200000
-0.0086480000 0.0447010000 0.0217250000
-0.0149320000 0.0127550000 -0.0105560000
0.0202870000 0.0696330000 0.0004260000
0.0332680000 -0.0527180000 -0.0158810000
0.0815790000 0.0417280000 -0.0128760000
0.0376880000 0.0007910000 0.0119960000
0.0661380000 0.0150360000 0.0070820000
0.0407680000 -0.1122740000 -0.0230020000
0.0231080000 0.0499410000 0.0225170000
0.0504300000 -0.0280000000 0.0021540000
-0.0035550000 0.0164660000 0.0111570000
