0.0631640000 0.0500510000 0.0176010000
-0.0417060000 -0.1133460000 -0.0128310000
-0.1009060000 0.0464170000 -0.0005080000
0.0533410000 -0.0592150000 0.0031350000
-0.0166200000 0.0039870000 -0.0030810000
-0.0355120000 0.0707500000 0.0055790000
0.0136250000 -0.1102040000 0.0294370000
0.0166170000 0.0529000000 -0.0247960000
0.0385840000 -0.1103300000 -0.0254900000
0.0429350000 -0.0009260000 -0.0066050000
-0.0014830000 -0.0804120000 -0.0109100000
0.0037290000 0.0425480000 0.0232480000
0.0100170000 -0.0359470000 0.0102290000
-0.0565290000 0.0305690000 -0.0131660000
0.0573310000 -0.1035790000 0.0164060000
-0.0274560000 -0.0920470000 0.0245030000
0.0696820000 0.0401530000 -0.0251510000
-0.0648870000 0.0482200000 0.0225010000
-0.0234980000 0.0489590000 -0.0259710000
0.0302510000 0.0661780000 0.0083050000
-0.0316750000 0.0308060000 0.0190570000
0.0234660000 -0.0769110000 0.0160990000
0.0346360000 -0.0350080000 -0.0166500000
0.0150890000 0.0093460000 0.0140160000
-0.0088260000 -0.1131670000 0.0016350000
-0.0704590000 0.0632860000 -0.0096360000
0.0696000000 0.0190380000 0.0032920000
0.0094090000 0.0187470000 -0.0189970000
-0.0021780000 0.0682450000 -0.0009450000
0.0417590000 -0.0264310000 0.0145380000
0.0342130000 -0.0794100000 -0.0148750000
0.0572440000 0.0667760000 -0.0101080000
0.0100270000 -0.0133570000 -0.0132860000
0.0396730000 0.0298940000 -0.0189190000
0.0349130000 0.0347420000 0.0194000000
-0.0334880000 -0.0834260000 -0.0057020000
0.0069240000 -0.1074530000 -0.0253870000
0.0303810000 -0.1120870000 0.0040840000
-0.0786860000 0.0283790000 0.0058750000
0.0152420000 -0.0560850000 -0.0105950000
