-0.0676110000 0.0509230000 -0.0182530000
0.0515570000 -0.1093780000 0.0235520000
0.0816910000 0.0437220000 0.0091920000
-0.0423570000 -0.1093460000 -0.0169780000
0.0033260000 -0.0191500000 -0.0014990000
0.0028960000 0.0649140000 0.0226120000
0.0134430000 -0.0817920000 -0.0174520000
0.0300380000 0.0340900000 -0.0235130000
-0.0070500000 -0.1096900000 0.0300790000
0.0526590000 -0.0473610000 0.0064360000
-0.0297750000 0.0228370000 0.0096670000
-0.0161130000 0.0582290000 -0.0234990000
0.0572990000 -0.0978740000 -0.0215650000
0.0414230000 0.0037120000 0.0085870000
0.0434640000 0.0675500000 0.0033010000
-0.0409620000 0.0658380000 0.0142450000
-0.0954870000 0.0438760000 0.0145620000
-0.0353520000 -0.0843170000 0.0148430000
0.0213790000 -0.0821520000 0.0220410000
0.0094870000 0.0258780000 0.0177790000
0.0645540000 0.0509290000 -0.0241150000
-0.0032120000 0.0165260000 -0.0178740000
-0.0058030000 -0.1133010000 -0.0078450000
0.0369530000 -0.0229170000 -0.0163870000
-0.0652820000 0.0261150000 0.0073210000
0.0676250000 0.0178210000 -0.0112620000
0.0295840000 -0.1123060000 -0.0042430000
0.0183050000 -0.0472540000 0.0151450000
0.0481770000 0.0365360000 0.0189920000
0.0172440000 0.0659210000 -0.0194530000
-0.0389210000 0.0336290000 -0.0210720000
0.0526890000 -0.0804630000 0.0066570000
0.0301310000 -0.0545610000 -0.0153280000
-0.0202260000 -0.0853940000 -0.0130730000
-0.0722180000 0.0643820000 0.0099140000
-0.0370720000 -0.1131910000 0.0249840000
-0.0208670000 0.0469070000 0.0257160000
0.0247040000 0.0047370000 -0.0161640000
0.0221660000 -0.1119340000 0.0258010000
-0.0064650000 -0.0784420000 0.0126800000
0.0368690000 -0.0242500000 0.0159490000
-0.0154170000 0.0722060000 0.0015800000
-0.0426220000 0.0646290000 -0.0146570000
-0.0081410000 0.0046730000 0.0081410000
0.0711490000 0.0674610000 -0.0015030000
-0.0874650000 0.0330890000 -0.0099410000
0.0278940000 0.0544150000 0.0211720000
0.0135750000 -0.1075740000 -0.0257170000
-0.0468110000 0.0403850000 0.0206600000
0.0043760000 0.0413200000 -0.0250670000
0.0165500000 -0.0027740000 0.0148460000
-0.0915830000 0.0590180000 -0.0072020000
0.0387300000 -0.0798720000 -0.0147910000
0.0411870000 0.0591190000 -0.0206810000
0.0099440000 -0.0423270000 -0.0080420000
0.0137430000 -0.0679730000 0.0028100000
0.0368920000 -0.0634190000 0.0158760000
0.0539960000 -0.1099180000 -0.0006970000
-0.0281690000 -0.1140350000 0.0020350000
0.0184010000 0.0692570000 0.0047850000
