0.0035750000 0.0340380000 0.0205120000
-0.0388250000 -0.1139590000 -0.0168820000
0.0536930000 -0.0598630000 -0.0004500000
-0.0998700000 0.0499590000 -0.0059200000
0.0799680000 0.0529570000 -0.0165590000
0.0143650000 -0.1102200000 0.0294280000
-0.0382540000 0.0579820000 -0.0216030000
0.0090530000 -0.0184560000 -0.0118880000
0.0358880000 -0.1104140000 -0.0254610000
0.0176550000 0.0636500000 -0.0252510000
0.0517060000 0.0113910000 0.0060960000
-0.0014620000 -0.0798540000 -0.0085220000
-0.0582980000 0.0365990000 0.0196620000
0.0446360000 0.0597260000 0.0159690000
-0.0306570000 -0.0950590000 0.0258440000
-0.0267490000 0.0125260000 -0.0075500000
0.0591360000 -0.0990640000 0.0239480000
-0.0260330000 0.0641770000 0.0184420000
0.0166010000 -0.0494820000 0.0141140000
0.0170690000 0.0241240000 -0.0163640000
0.0471490000 -0.0231700000 -0.0095820000
-0.0661140000 0.0344770000 -0.0163510000
0.0748940000 0.0384390000 0.0168140000
-0.0658500000 0.0671320000 0.0007310000
0.0097800000 0.0680770000 0.0099350000
0.0001550000 -0.1131800000 -0.0216070000
0.0468630000 0.0425050000 -0.0252040000
0.0186470000 0.0026070000 0.0148820000
0.0299980000 -0.0805400000 0.0205260000
0.0578610000 -0.0920640000 -0.0084770000
-0.0339750000 -0.0833240000 -0.0048860000
-0.0088420000 0.0433620000 -0.0226360000
0.0278520000 -0.0482060000 -0.0159780000
-0.0101330000 -0.1132430000 0.0089990000
0.0294360000 -0.0798540000 -0.0158810000
0.0359030000 -0.1117030000 0.0062470000
-0.0013020000 -0.0837030000 0.0229860000
-0.0275050000 0.0297780000 0.0187540000
-0.0141140000 -0.0114310000 0.0070770000
-0.0844280000 0.0521140000 0.0202620000
-0.0140400000 0.0703500000 -0.0084290000
0.0328140000 -0.0236010000 0.0167000000
0.0695520000 0.0252720000 -0.0134070000
0.0328950000 0.0318860000 0.0163860000
0.0538950000 0.0665860000 -0.0106880000
-0.0850530000 0.0276290000 0.0039440000
0.0319930000 -0.0000040000 -0.0157440000
-0.0447740000 -0.1120590000 0.0097500000
0.0734510000 0.0640330000 0.0078900000
-0.0011610000 0.0058650000 -0.0113960000
-0.0402180000 0.0318020000 -0.0192750000
-0.0198180000 -0.0974320000 -0.0204230000
-0.0094900000 0.0142830000 0.0108380000
0.0302730000 0.0682840000 -0.0038060000
-0.0412660000 0.0701190000 -0.0004060000
0.0410450000 -0.0467190000 0.0157340000
-0.0458440000 0.0238270000 0.0031130000
0.0122710000 -0.1124870000 -0.0004380000
0.0451070000 0.0205920000 -0.0152390000
0.0098030000 -0.0265510000 0.0106400000
-0.0784680000 0.0548960000 -0.0151760000
0.0203330000 0.0510130000 0.0224460000
0.0378280000 -0.1079060000 0.0296170000
-0.0486850000 0.0579100000 0.0182080000
0.0509900000 -0.0802130000 0.0103580000
0.0133690000 -0.0624480000 -0.0048790000
-0.0092650000 -0.1041760000 0.0301800000
-0.0050180000 0.0552860000 0.0218680000
0.0165610000 -0.0973840000 -0.0236530000
0.0090370000 -0.0404790000 -0.0068590000
0.0249880000 0.0424110000 -0.0257540000
-0.0199220000 -0.0822020000 0.0116950000
0.0545010000 0.0311840000 0.0152330000
-0.0871470000 0.0648960000 0.0028430000
0.0442800000 -0.0086150000 0.0066360000
0.0276420000 -0.0270120000 -0.0171070000
-0.0101450000 0.0248240000 -0.0125060000
0.0498610000 -0.1117220000 -0.0099160000
0.0826990000 0.0374130000 -0.0025840000
-0.0032580000 0.0635970000 -0.0249810000
0.0476890000 -0.0435860000 -0.0125260000
-0.0581950000 0.0581230000 -0.0163890000
0.0126660000 -0.0778190000 0.0091320000
-0.0866490000 0.0361990000 -0.0144330000
-0.0199530000 -0.1140450000 -0.0086900000
-0.0274410000 -0.1136420000 0.0194170000
0.0379200000 0.0595460000 -0.0202540000
0.0436520000 -0.0921020000 -0.0224140000
-0.0654270000 0.0253440000 0.0014390000
0.0496030000 -0.0308950000 0.0082060000
0.0400420000 -0.0636490000 -0.0140260000
0.0684740000 0.0216040000 0.0055520000
0.0072530000 0.0688050000 -0.0096520000
0.0167860000 0.0216930000 0.0130080000
-0.0218470000 0.0468980000 0.0256520000
0.0658210000 0.0416700000 -0.0228260000
-0.0412270000 -0.0928270000 0.0100190000
0.0546970000 -0.1091880000 0.0083990000
-0.0968020000 0.0411670000 0.0107400000
-0.0408650000 0.0418530000 0.0246450000
0.0341850000 0.0132630000 0.0127420000
0.0619010000 0.0525170000 0.0180020000
0.0036680000 -0.0089000000 0.0125360000
0.0159440000 -0.0918380000 0.0261340000
0.0392740000 -0.0652930000 0.0153750000
-0.0016410000 -0.0938750000 -0.0209330000
-0.0670800000 0.0587280000 0.0172560000
-0.0274700000 0.0434070000 -0.0256300000
-0.0765290000 0.0358070000 0.0180950000
-0.0096540000 0.0673280000 0.0089980000
-0.0426460000 -0.0990900000 -0.0068190000
0.0206210000 -0.1132240000 -0.0164030000
0.0079570000 0.0485090000 -0.0254640000
-0.0206080000 0.0601650000 -0.0222840000
0.0020340000 0.0294230000 -0.0245330000
0.0142950000 -0.0019300000 -0.0150420000
0.0433110000 -0.0911280000 0.0249850000
0.0504480000 -0.0762650000 -0.0076380000
0.0591700000 0.0117600000 -0.0097490000
0.0276880000 0.0634520000 0.0129660000
0.0713000000 0.0664700000 -0.0090540000
-0.0179680000 -0.0837620000 -0.0103330000
-0.0049300000 -0.0101010000 -0.0069760000
0.0566660000 0.0664740000 0.0063690000
0.0224320000 -0.0652080000 0.0143830000
0.0567560000 0.0560640000 -0.0234030000
0.0128850000 -0.0817140000 -0.0172800000
0.0050700000 -0.1124510000 0.0157910000
