-0.0556750000 0.0277130000 0.0101410000
0.0505850000 -0.1102940000 -0.0196250000
0.0827340000 0.0539350000 -0.0051920000
-0.0412380000 -0.1081460000 0.0255580000
0.0274270000 -0.0229340000 0.0170100000
0.0059930000 0.0650110000 -0.0241300000
0.0151380000 -0.0829830000 0.0225500000
0.0319550000 0.0362010000 0.0207150000
-0.0085830000 -0.1112640000 -0.0234930000
-0.0068000000 0.0111950000 -0.0108140000
-0.0985810000 0.0543670000 -0.0043340000
-0.0154520000 0.0582990000 0.0228860000
0.0492650000 -0.0600940000 -0.0103810000
0.0577880000 0.0132850000 -0.0132540000
-0.0405060000 0.0632650000 -0.0166250000
0.0589590000 -0.0985160000 0.0246650000
0.0432790000 0.0680570000 -0.0049480000
-0.0351320000 -0.0843380000 -0.0072850000
0.0099380000 -0.0524240000 -0.0040000000
0.0205790000 -0.0859350000 -0.0196780000
0.0249140000 0.0316440000 -0.0199850000
-0.0647660000 0.0644720000 0.0125260000
0.0260950000 -0.0065190000 -0.0167360000
-0.0059920000 -0.1127830000 0.0138110000
0.0301270000 -0.1118120000 0.0090460000
-0.0688870000 0.0424820000 -0.0186800000
-0.0017430000 0.0262290000 0.0205370000
0.0656440000 0.0317720000 0.0151050000
0.0173020000 0.0669410000 0.0176830000
-0.0353690000 0.0292770000 -0.0172930000
0.0565270000 0.0447260000 -0.0246130000
-0.0040420000 -0.0153230000 0.0090570000
0.0489480000 -0.0276160000 -0.0069910000
0.0385230000 0.0063270000 0.0111820000
-0.0852510000 0.0362260000 0.0179180000
0.0341070000 -0.0542920000 0.0166270000
-0.0391210000 -0.1138370000 -0.0170150000
-0.0158570000 -0.0833220000 0.0171660000
-0.0148170000 0.0717780000 -0.0038850000
-0.0069180000 0.0381860000 -0.0230910000
0.0568770000 -0.0872580000 -0.0022440000
-0.0297290000 0.0332000000 0.0215570000
0.0625870000 0.0602230000 0.0147620000
-0.0066770000 -0.0848980000 -0.0100900000
0.0182500000 -0.1133030000 -0.0166070000
-0.0378390000 0.0688910000 0.0107000000
-0.0287180000 0.0122580000 0.0047070000
0.0241080000 -0.0333140000 -0.0166870000
0.0145100000 -0.1083960000 0.0302460000
0.0406790000 -0.0801330000 0.0171570000
0.0125030000 0.0048650000 0.0138080000
0.0786090000 0.0281220000 -0.0076410000
0.0316890000 0.0558930000 -0.0241700000
-0.0883060000 0.0310100000 -0.0069580000
-0.0481360000 0.0490430000 0.0213170000
-0.0287000000 -0.1138090000 0.0053590000
-0.0765100000 0.0633720000 -0.0087270000
0.0535850000 -0.1102990000 0.0039870000
0.0130390000 -0.0759510000 0.0001790000
0.0196290000 0.0693300000 -0.0055120000
-0.0184150000 0.0585960000 -0.0231710000
0.0390660000 0.0582060000 0.0171690000
0.0640510000 0.0645630000 -0.0149770000
0.0361080000 -0.1004240000 0.0285580000
0.0038830000 -0.0106240000 -0.0120630000
0.0437170000 -0.0880750000 -0.0211050000
0.0100930000 0.0457600000 0.0232810000
0.0269440000 -0.0645160000 -0.0141330000
-0.0382570000 -0.0881190000 0.0151250000
-0.0865460000 0.0588160000 0.0156380000
