0.0655190000 0.0494700000 -0.0241230000
-0.0407620000 -0.1119780000 0.0237120000
-0.1008060000 0.0476640000 0.0058130000
0.0529730000 -0.0590870000 -0.0039660000
-0.0140390000 0.0076320000 0.0080300000
0.0104500000 -0.1111350000 -0.0244180000
-0.0373490000 0.0701090000 -0.0068550000
0.0205140000 0.0636170000 0.0208580000
0.0400610000 -0.1089870000 0.0291090000
0.0440370000 -0.0007290000 0.0002260000
0.0056220000 0.0432780000 -0.0253410000
-0.0007320000 -0.0796800000 0.0151370000
0.0083080000 -0.0352680000 -0.0066570000
-0.0580140000 0.0258930000 -0.0035160000
0.0561370000 -0.1049280000 -0.0148750000
-0.0317180000 -0.0927050000 -0.0173470000
