0.0079070000 0.0197690000 -0.0192600000
-0.0385530000 -0.1127080000 0.0251130000
-0.1004270000 0.0542700000 0.0057850000
0.0572360000 -0.0976150000 -0.0218270000
0.0801540000 0.0581930000 0.0064700000
0.0193510000 -0.0452740000 0.0156600000
-0.0318540000 0.0683020000 0.0127210000
0.0237300000 -0.1065040000 0.0304790000
-0.0032610000 -0.1069610000 -0.0246340000
0.0248560000 0.0573170000 0.0200560000
0.0580350000 0.0104090000 -0.0031490000
-0.0574430000 0.0274100000 -0.0085570000
0.0435190000 0.0518090000 -0.0239990000
-0.0142540000 -0.0133900000 0.0060100000
-0.0013350000 0.0656170000 -0.0227270000
-0.0108250000 -0.0794030000 0.0112300000
-0.0100510000 0.0295940000 0.0203510000
0.0286110000 -0.0184940000 -0.0170850000
0.0521200000 -0.0587050000 -0.0068470000
-0.0429460000 -0.1096670000 -0.0153730000
0.0221840000 0.0048690000 0.0150460000
0.0596050000 -0.0981930000 0.0171930000
-0.0653160000 0.0656940000 -0.0072730000
0.0196890000 -0.0785370000 -0.0127610000
-0.0249450000 0.0369810000 -0.0242660000
-0.0641140000 0.0449330000 0.0226440000
0.0291050000 -0.1123140000 -0.0045440000
0.0755810000 0.0361250000 -0.0213410000
0.0540020000 0.0380580000 0.0174480000
-0.0027610000 -0.1126370000 0.0094020000
0.0486410000 -0.0281420000 0.0089170000
0.0352160000 -0.0762750000 0.0158300000
-0.0297510000 0.0140410000 0.0004410000
0.0499090000 0.0672220000 0.0031520000
-0.0835290000 0.0421050000 -0.0175220000
-0.0397090000 -0.0874620000 0.0053900000
-0.0013320000 0.0672530000 0.0078600000
0.0209870000 -0.0479830000 -0.0148600000
-0.0365420000 0.0636050000 -0.0165890000
-0.0853470000 0.0288740000 0.0090300000
0.0362980000 0.0249650000 -0.0153330000
-0.0355090000 0.0423830000 0.0246740000
0.0235200000 0.0676580000 -0.0084930000
0.0786790000 0.0299690000 0.0060300000
-0.0200780000 -0.0868950000 -0.0148370000
0.0177380000 0.0308070000 0.0227890000
0.0169860000 0.0446900000 -0.0257950000
0.0047700000 -0.0064540000 -0.0123820000
0.0676510000 0.0629680000 -0.0171160000
0.0111610000 -0.0196250000 0.0128170000
-0.0157180000 -0.0990750000 0.0285800000
0.0116900000 -0.0846860000 0.0233190000
0.0525470000 -0.0833220000 -0.0017780000
-0.0267100000 -0.1139760000 0.0027840000
0.0321510000 -0.0972700000 -0.0239390000
-0.0027230000 0.0078890000 0.0108370000
-0.0136580000 0.0538470000 0.0245890000
0.0427480000 -0.0523780000 0.0148520000
0.0427570000 -0.0049480000 0.0077180000
0.0427340000 -0.0376940000 -0.0134380000
-0.0786300000 0.0615730000 0.0124510000
-0.0550490000 0.0483930000 -0.0199650000
0.0529570000 -0.1105110000 -0.0019950000
0.0419450000 0.0182470000 0.0123680000
0.0149730000 -0.0669420000 0.0073340000
0.0090160000 -0.0289930000 -0.0089490000
0.0258190000 0.0044170000 -0.0160970000
-0.0543350000 0.0635150000 0.0129930000
-0.0457070000 0.0263480000 0.0118170000
0.0413390000 -0.1119060000 0.0174240000
-0.0172610000 0.0709880000 -0.0075850000
-0.0125910000 0.0236160000 -0.0108300000
-0.0046920000 0.0442800000 -0.0251480000
-0.0864470000 0.0625120000 -0.0081950000
0.0026960000 -0.1099620000 0.0298690000
0.0175700000 -0.1127500000 -0.0225730000
0.0545090000 0.0333730000 -0.0224850000
-0.0013360000 -0.0796680000 -0.0078120000
-0.0221680000 -0.1141640000 -0.0181080000
0.0620080000 0.0573890000 0.0171800000
