-0.0557280000 0.0633250000 0.0135850000
0.0488970000 -0.1113030000 -0.0203530000
0.0825960000 0.0366210000 -0.0051780000
-0.0412380000 -0.1081460000 0.0255580000
-0.0007550000 -0.0170470000 -0.0053590000
0.0120270000 0.0634830000 -0.0254740000
0.0518800000 -0.0528640000 0.0082510000
-0.0061070000 -0.0859870000 -0.0184650000
0.0186890000 -0.1082770000 0.0301570000
0.0185860000 0.0307280000 0.0227030000
-0.0282940000 0.0282030000 -0.0176030000
-0.0966120000 0.0381410000 -0.0074080000
0.0423850000 0.0036270000 -0.0090110000
0.0466150000 0.0662000000 0.0073740000
-0.0093450000 0.0672070000 0.0158230000
-0.0410100000 -0.1122130000 -0.0180720000
0.0596240000 -0.0986420000 0.0197590000
0.0103370000 -0.0557860000 0.0046890000
0.0465020000 0.0412990000 -0.0251140000
-0.0298630000 0.0335180000 0.0219150000
0.0107730000 0.0251270000 -0.0174670000
-0.0109950000 -0.0836290000 0.0220950000
-0.0615120000 0.0249940000 0.0017080000
0.0302230000 -0.0219430000 0.0168610000
-0.0310830000 0.0658510000 -0.0148780000
0.0345590000 -0.0773990000 -0.0138830000
0.0154310000 -0.1125930000 -0.0059580000
0.0320140000 -0.0351760000 -0.0169580000
0.0534130000 0.0304860000 0.0146580000
-0.0655630000 0.0534260000 -0.0191980000
