-0.0479130000 0.0654080000 0.0094930000
0.0488970000 -0.1113030000 -0.0203530000
0.0823000000 0.0352340000 -0.0050990000
-0.0412380000 -0.1081460000 0.0255580000
0.0061720000 -0.0259290000 0.0014360000
0.0170790000 0.0633500000 -0.0256830000
0.0151380000 -0.0829830000 0.0225500000
0.0002630000 0.0306660000 0.0235420000
-0.0100130000 -0.1080970000 -0.0243550000
-0.0996110000 0.0376970000 0.0050550000
0.0533410000 -0.0536260000 -0.0038050000
0.0352750000 0.0144240000 -0.0150650000
-0.0239520000 0.0326180000 -0.0223430000
0.0430610000 0.0573040000 0.0176930000
0.0593100000 -0.0989100000 0.0237210000
-0.0589220000 0.0250370000 0.0009950000
0.0208820000 -0.0816580000 -0.0178750000
-0.0072320000 0.0674050000 0.0071270000
0.0446180000 -0.0165100000 0.0100950000
-0.0203280000 -0.0814050000 0.0040100000
0.0558810000 0.0610870000 -0.0193990000
-0.0170340000 0.0042100000 0.0018180000
-0.0744090000 0.0564440000 -0.0156460000
-0.0056620000 -0.1127990000 0.0169020000
-0.0442170000 -0.1094890000 -0.0109620000
0.0289360000 -0.1118520000 0.0085050000
-0.0342200000 0.0359630000 0.0230080000
0.0574570000 0.0175430000 0.0116470000
0.0258550000 -0.0502730000 0.0167630000
0.0176680000 0.0032210000 0.0147200000
0.0328540000 -0.0316590000 -0.0170350000
0.0734510000 0.0640330000 0.0078900000
0.0087240000 0.0313490000 -0.0233020000
-0.0735740000 0.0491290000 0.0211320000
-0.0294590000 0.0639350000 -0.0168620000
0.0546890000 -0.0848340000 -0.0039050000
0.0085950000 0.0007570000 -0.0136620000
0.0190340000 -0.1133430000 -0.0200920000
0.0302850000 0.0304890000 0.0152430000
0.0139250000 -0.0535590000 -0.0100360000
0.0580240000 0.0320240000 -0.0211170000
0.0210060000 0.0691620000 0.0025100000
-0.0504110000 0.0420690000 -0.0196880000
0.0709260000 0.0396940000 0.0187980000
0.0395530000 -0.0732220000 0.0150310000
0.0334410000 0.0421570000 -0.0260450000
0.0163600000 0.0520630000 0.0223810000
-0.0899710000 0.0628510000 0.0048290000
-0.0066820000 0.0525810000 -0.0237490000
0.0159150000 -0.1077570000 0.0303220000
-0.0043780000 -0.0848250000 -0.0158310000
-0.0805380000 0.0322990000 -0.0107730000
-0.0142000000 0.0514390000 0.0253770000
-0.0200610000 -0.0939600000 0.0258030000
-0.0342750000 0.0220220000 -0.0019130000
-0.0210420000 -0.1140340000 -0.0024170000
-0.0282700000 -0.0916780000 -0.0171930000
-0.0418330000 -0.0930280000 0.0065240000
0.0529800000 -0.1106410000 0.0036780000
0.0400020000 -0.0090220000 -0.0124890000
0.0358290000 -0.0943050000 0.0266860000
0.0241900000 -0.0262710000 0.0170510000
0.0787400000 0.0554090000 -0.0169770000
0.0354840000 -0.0637840000 -0.0146830000
0.0460680000 -0.0394360000 0.0133590000
0.0657200000 0.0136980000 -0.0095750000
0.0017280000 -0.1129950000 -0.0048210000
-0.0076060000 0.0210900000 -0.0109550000
0.0143790000 -0.0729000000 0.0021640000
-0.0795690000 0.0294820000 0.0116580000
0.0430060000 0.0681340000 -0.0024090000
-0.0533700000 0.0628600000 -0.0121060000
0.0408830000 -0.0901600000 -0.0220390000
-0.0182780000 0.0239870000 0.0134220000
0.0392840000 0.0050410000 0.0106310000
-0.0010900000 -0.0076700000 0.0114540000
-0.0559460000 0.0365650000 0.0194490000
-0.0686830000 0.0666660000 0.0029860000
-0.0270880000 0.0658650000 0.0155080000
0.0507560000 -0.0301490000 -0.0053130000
-0.0942080000 0.0498110000 -0.0116940000
0.0500590000 0.0372720000 0.0178240000
0.0166520000 -0.0184130000 -0.0155630000
-0.0051980000 -0.0809220000 0.0185170000
-0.0003930000 0.0137580000 0.0113050000
0.0020930000 0.0665570000 -0.0112830000
-0.0107840000 -0.0138340000 -0.0057090000
0.0441100000 -0.1116690000 0.0216520000
0.0090430000 -0.0448170000 0.0070640000
-0.0438840000 0.0529120000 0.0241220000
