-0.0137580000 -0.0396920000 -0.0777470000
0.0483700000 0.0341160000 0.0851830000
-0.0520060000 -0.0306260000 0.0428270000
0.0483430000 0.0354650000 -0.0254230000
-0.0324170000 0.0540430000 -0.1193970000
-0.0338050000 0.0536340000 0.0112840000
0.0311540000 -0.0479710000 0.0083810000
0.0463880000 0.0116790000 -0.1196680000
0.0146870000 -0.0379590000 0.0852480000
-0.0318040000 0.0306930000 0.0848410000
-0.0429050000 0.0227110000 -0.0540170000
-0.0462080000 -0.0331740000 -0.0215790000
-0.0478150000 -0.0070810000 -0.1194950000
0.0127540000 0.0437030000 -0.0769020000
0.0386600000 -0.0219890000 -0.0484660000
0.0309130000 -0.0481550000 -0.1195600000
0.0446820000 0.0079650000 0.0296000000
0.0069700000 0.0445640000 0.0475090000
-0.0013450000 0.0468820000 -0.0275820000
-0.0466270000 0.0058050000 0.0098080000
-0.0030020000 0.0138760000 -0.1196100000
-0.0302570000 -0.0182380000 0.0847820000
-0.0048210000 -0.0422290000 0.0406190000
-0.0001220000 -0.0429050000 -0.0298820000
0.0091740000 0.0083630000 0.0849570000
0.0464940000 0.0140900000 -0.0742290000
-0.0510100000 -0.0197430000 -0.0639440000
-0.0088240000 -0.0294420000 -0.1196510000
0.0363030000 -0.0298490000 0.0484630000
0.0220610000 0.0412520000 0.0076670000
0.0422960000 -0.0035040000 -0.0109400000
-0.0279560000 0.0530830000 -0.0780510000
