-0.0084360000 -0.0009070000 0.0850600000
0.0492170000 0.0349070000 -0.1200660000
-0.0510700000 -0.0312850000 -0.0460340000
0.0487790000 0.0346220000 -0.0064140000
-0.0338110000 0.0533170000 -0.0814320000
0.0323300000 -0.0472090000 -0.0818290000
0.0280390000 -0.0489140000 0.0187180000
-0.0359950000 0.0511210000 0.0173900000
-0.0288060000 -0.0162000000 -0.1195810000
-0.0523170000 -0.0297700000 0.0300050000
0.0485600000 0.0344910000 0.0639380000
0.0457680000 0.0107980000 -0.0631370000
0.0312650000 -0.0473560000 0.0799250000
-0.0340070000 0.0535790000 0.0781650000
-0.0030660000 0.0472480000 -0.0308130000
0.0034300000 -0.0435330000 -0.0322520000
-0.0044840000 0.0312380000 -0.1198960000
-0.0447360000 0.0149900000 -0.0205970000
-0.0520550000 -0.0308090000 0.0831040000
0.0254230000 -0.0118080000 -0.1195990000
0.0425770000 -0.0013650000 0.0288880000
0.0124280000 0.0434070000 0.0293790000
0.0404070000 -0.0127850000 -0.0198660000
-0.0098620000 -0.0411970000 0.0529780000
-0.0460690000 0.0057900000 -0.0789080000
-0.0452350000 0.0143250000 0.0504190000
-0.0156410000 -0.0392590000 -0.0784270000
0.0132650000 0.0435910000 -0.0760700000
0.0090320000 0.0411310000 0.0852020000
0.0367750000 -0.0031560000 0.0855150000
-0.0145100000 -0.0399060000 0.0087170000
0.0005810000 -0.0425750000 -0.1151320000
-0.0426860000 0.0208620000 -0.1160190000
-0.0518310000 -0.0218580000 -0.0082390000
-0.0510300000 -0.0303100000 -0.0912590000
0.0326250000 0.0390070000 -0.0408580000
-0.0381390000 0.0430590000 -0.0452570000
0.0381900000 -0.0240000000 -0.0544860000
-0.0465100000 0.0066510000 0.0150080000
-0.0441760000 0.0040450000 0.0846350000
0.0362830000 -0.0299910000 0.0493050000
-0.0313440000 0.0541990000 -0.1188270000
0.0470410000 0.0354450000 0.0287630000
0.0452150000 0.0077530000 -0.0983610000
-0.0175710000 0.0502520000 0.0476740000
0.0329150000 -0.0459960000 -0.0151890000
-0.0005770000 -0.0343460000 0.0851120000
0.0342110000 -0.0445530000 -0.1190510000
0.0163350000 0.0426510000 -0.0040370000
-0.0308360000 0.0536180000 -0.0148170000
0.0447390000 0.0365580000 -0.0829360000
-0.0272260000 -0.0370570000 -0.0229990000
-0.0475100000 -0.0002740000 -0.0480130000
0.0220180000 0.0416700000 -0.1062150000
-0.0186440000 0.0279420000 0.0846080000
-0.0029960000 0.0008670000 -0.1194810000
-0.0120440000 0.0494020000 -0.0597000000
-0.0509250000 -0.0145900000 0.0569240000
0.0097360000 -0.0446860000 -0.0622340000
0.0395340000 -0.0179880000 -0.0838100000
0.0465170000 0.0152030000 -0.0291010000
0.0381150000 -0.0227830000 0.0082450000
0.0438940000 0.0057950000 0.0577920000
-0.0086430000 0.0486120000 -0.0962000000
0.0205160000 0.0413850000 0.0579280000
0.0445520000 0.0068070000 0.0008580000
-0.0094890000 0.0486630000 0.0069310000
0.0271830000 0.0167260000 -0.1199070000
-0.0185940000 -0.0387630000 -0.0501520000
0.0320650000 0.0247430000 0.0854170000
0.0300310000 -0.0485540000 -0.0430670000
-0.0257370000 -0.0224640000 0.0848510000
0.0151680000 -0.0464000000 0.0427940000
-0.0346580000 -0.0361060000 0.0623900000
-0.0479270000 -0.0053010000 -0.1039740000
-0.0410930000 0.0302080000 -0.0687980000
-0.0268120000 -0.0369320000 -0.1027160000
-0.0414150000 0.0300170000 0.0018160000
0.0095320000 -0.0449470000 -0.0022630000
-0.0272830000 -0.0374100000 0.0335270000
-0.0422380000 0.0279400000 0.0728510000
-0.0396270000 0.0375360000 0.0396030000
0.0075360000 -0.0441510000 -0.0897180000
-0.0504010000 -0.0308060000 -0.1175610000
-0.0505140000 -0.0176510000 -0.0685470000
0.0136610000 -0.0132940000 0.0849750000
-0.0392410000 -0.0347770000 0.0091960000
-0.0403690000 0.0319900000 -0.0937690000
-0.0104920000 0.0484600000 0.0718950000
0.0107280000 0.0440800000 -0.0509870000
