-0.0378750000 0.0454910000 0.0808880000
0.0318060000 -0.0474180000 -0.1199950000
-0.0341940000 0.0533690000 -0.0554830000
0.0314960000 -0.0477420000 0.0140840000
-0.0509390000 -0.0316480000 -0.0239170000
0.0488720000 0.0339100000 0.0527090000
0.0490980000 0.0352570000 -0.0867120000
-0.0482610000 -0.0078600000 -0.1190200000
-0.0179940000 -0.0388450000 0.0847320000
0.0267260000 0.0403420000 -0.0170440000
-0.0414880000 0.0297480000 0.0115340000
0.0377500000 -0.0260060000 -0.0527920000
-0.0098220000 0.0490100000 -0.1197000000
-0.0178770000 -0.0387820000 -0.0752300000
0.0387230000 -0.0168510000 0.0847980000
-0.0527760000 -0.0256320000 0.0366590000
0.0202120000 0.0043640000 -0.1196590000
-0.0015120000 0.0466010000 0.0418450000
-0.0466340000 0.0030980000 -0.0627140000
0.0435220000 0.0022800000 0.0127200000
-0.0015350000 -0.0426150000 -0.0247050000
0.0070930000 0.0222620000 0.0849650000
-0.0486410000 -0.0017690000 0.0789870000
-0.0082810000 -0.0415340000 0.0385860000
0.0110910000 0.0440160000 -0.0609820000
-0.0113810000 -0.0343040000 -0.1197480000
-0.0401290000 0.0330020000 -0.0936120000
-0.0152200000 0.0500370000 -0.0162320000
0.0470980000 0.0176790000 -0.0474600000
0.0300510000 -0.0485640000 0.0571500000
-0.0459840000 0.0085790000 -0.0226450000
0.0422700000 -0.0051920000 -0.0872980000
0.0202650000 -0.0467590000 -0.0816820000
-0.0432810000 0.0228520000 0.0495790000
-0.0257460000 -0.0375400000 0.0047270000
0.0380790000 -0.0235900000 -0.0148130000
-0.0520060000 -0.0266950000 -0.0862110000
0.0296590000 0.0393170000 0.0205620000
0.0398740000 -0.0130680000 0.0468130000
-0.0163500000 0.0122860000 -0.1196260000
0.0275920000 0.0408080000 -0.1191810000
0.0432760000 0.0193710000 0.0854060000
-0.0487850000 -0.0052150000 0.0089930000
0.0044680000 -0.0122710000 0.0850450000
-0.0346430000 0.0531070000 0.0361370000
-0.0114210000 0.0494410000 -0.0857900000
-0.0472070000 -0.0335930000 0.0688170000
0.0140820000 -0.0444150000 0.0852670000
-0.0433670000 -0.0336300000 -0.0554450000
0.0287790000 -0.0487530000 -0.0323300000
-0.0240970000 0.0170610000 0.0850280000
0.0465640000 0.0158900000 -0.0159520000
-0.0070780000 0.0477520000 0.0731860000
0.0475590000 0.0177310000 -0.1123750000
0.0014780000 0.0461160000 0.0094790000
0.0218570000 0.0409880000 0.0654970000
0.0048860000 -0.0437140000 -0.0546840000
0.0395870000 -0.0184370000 -0.1148330000
0.0178570000 0.0426110000 -0.0905890000
-0.0398420000 0.0364970000 -0.0311080000
0.0032710000 -0.0436960000 0.0049350000
-0.0463070000 0.0040610000 -0.0923430000
-0.0390820000 -0.0343180000 -0.1116690000
-0.0373870000 0.0435080000 -0.1195460000
-0.0232390000 -0.0116250000 0.0849480000
-0.0258260000 0.0524010000 0.0097390000
0.0059090000 0.0452090000 -0.0337860000
0.0375470000 0.0379640000 -0.0624440000
0.0418820000 -0.0061340000 -0.0350560000
0.0131560000 -0.0216420000 -0.1195290000
-0.0412960000 0.0293250000 -0.0654780000
-0.0487750000 -0.0032900000 0.0514070000
-0.0259270000 -0.0372810000 -0.0355330000
0.0380150000 -0.0228010000 0.0209970000
0.0090490000 -0.0444190000 -0.1057270000
-0.0511250000 -0.0316610000 0.0106400000
0.0491180000 0.0340410000 0.0032670000
-0.0432920000 0.0179600000 -0.1169380000
0.0453410000 0.0113480000 0.0389330000
-0.0021390000 -0.0429350000 0.0643150000
-0.0497040000 -0.0110680000 -0.0396560000
-0.0320430000 -0.0365450000 0.0476810000
0.0062440000 0.0263160000 -0.1198820000
0.0166590000 -0.0466440000 0.0349470000
0.0371830000 -0.0298800000 -0.0918490000
0.0438270000 0.0057220000 0.0640420000
0.0426890000 -0.0029490000 -0.0619900000
-0.0229790000 -0.0120040000 -0.1194650000
0.0239810000 0.0035800000 0.0849970000
0.0290850000 -0.0485740000 -0.0585270000
-0.0462680000 0.0082670000 0.0295310000
0.0468260000 0.0358590000 -0.0307610000
-0.0273140000 0.0524610000 0.0597510000
-0.0347520000 0.0525160000 -0.0798050000
0.0234050000 -0.0478010000 -0.0089100000
-0.0110490000 0.0490920000 -0.0517130000
-0.0439080000 0.0208580000 0.0729520000
-0.0374700000 0.0459290000 -0.0099630000
-0.0438960000 0.0182280000 -0.0448700000
-0.0204690000 -0.0383100000 -0.0985810000
