0.0499560000 0.0313380000 -0.0445890000
-0.0524620000 -0.0292720000 0.0844990000
-0.0502380000 -0.0309070000 -0.1197220000
0.0484730000 0.0345750000 0.0751860000
-0.0368180000 0.0482650000 0.0136350000
0.0241160000 -0.0480490000 0.0169710000
-0.0339880000 0.0531880000 -0.0809600000
0.0397060000 -0.0191790000 -0.1191860000
-0.0518080000 -0.0301300000 -0.0289910000
0.0142100000 -0.0456150000 -0.0556620000
-0.0236310000 0.0377490000 0.0843890000
0.0194780000 -0.0293510000 0.0852520000
0.0180410000 0.0425620000 -0.1194230000
0.0268170000 0.0400710000 0.0148500000
-0.0497180000 -0.0092480000 0.0277150000
-0.0036450000 0.0473600000 -0.0330140000
-0.0472380000 -0.0001890000 -0.0742990000
0.0399400000 -0.0150590000 -0.0210450000
0.0417530000 -0.0045320000 0.0408170000
-0.0284150000 0.0181670000 -0.1197290000
-0.0030510000 -0.0419920000 -0.1039310000
-0.0159030000 -0.0399770000 0.0498210000
-0.0439720000 0.0187330000 -0.0255770000
0.0415540000 -0.0083090000 -0.0719750000
-0.0087060000 -0.0411190000 -0.0154160000
0.0162250000 0.0429430000 -0.0738620000
0.0097560000 0.0438890000 0.0556860000
-0.0165440000 -0.0050550000 0.0848870000
-0.0265650000 -0.0370370000 -0.0661560000
0.0493660000 0.0266710000 -0.0951990000
-0.0424450000 0.0263070000 0.0485080000
0.0338090000 -0.0451170000 -0.0899690000
0.0195570000 0.0101180000 0.0849860000
0.0030740000 -0.0054820000 -0.1194740000
0.0315420000 -0.0474880000 0.0541580000
0.0473950000 0.0196670000 -0.0090870000
-0.0291740000 -0.0369230000 0.0154850000
-0.0322370000 0.0541570000 -0.1171960000
0.0264490000 -0.0483200000 -0.0210460000
-0.0369270000 0.0478930000 -0.0455810000
0.0495780000 0.0306420000 0.0402020000
-0.0136490000 -0.0398200000 0.0846210000
-0.0458790000 0.0119580000 0.0805480000
-0.0042890000 0.0474860000 0.0011310000
-0.0202060000 0.0508540000 0.0424580000
-0.0483870000 -0.0329710000 0.0515860000
-0.0444830000 0.0167190000 0.0080400000
0.0389920000 -0.0189270000 0.0114730000
-0.0511760000 -0.0301470000 -0.0870100000
-0.0057860000 0.0478040000 -0.0978650000
0.0265520000 0.0403760000 -0.0233000000
0.0332670000 0.0132440000 -0.1199050000
0.0238750000 -0.0468630000 -0.1199590000
-0.0474810000 -0.0028630000 -0.1055670000
0.0402120000 -0.0099740000 0.0716550000
-0.0500600000 -0.0118000000 -0.0035560000
-0.0420770000 0.0249440000 -0.0924930000
0.0197300000 0.0411380000 0.0849780000
-0.0305030000 0.0535430000 -0.0160700000
0.0374220000 -0.0274510000 -0.0485470000
-0.0482850000 -0.0042330000 -0.0445470000
-0.0211380000 -0.0229530000 -0.1195730000
-0.0115010000 0.0492680000 -0.0618480000
0.0436510000 0.0019750000 -0.0446480000
-0.0488520000 -0.0036830000 0.0562440000
-0.0430860000 0.0217860000 -0.0558760000
-0.0026700000 -0.0425770000 0.0245980000
-0.0257020000 -0.0373180000 -0.0377960000
0.0457090000 0.0126590000 0.0186210000
-0.0519930000 -0.0291020000 -0.0570880000
0.0067150000 -0.0447930000 0.0659120000
-0.0011820000 0.0225420000 -0.1197740000
0.0433050000 -0.0012700000 -0.0986400000
0.0027360000 0.0456190000 0.0283780000
0.0474250000 0.0185200000 -0.0685150000
-0.0355350000 0.0522340000 0.0647790000
-0.0020770000 -0.0422170000 -0.0764810000
0.0469010000 0.0359440000 -0.1198630000
-0.0265850000 -0.0370320000 -0.0931990000
0.0364420000 -0.0297650000 0.0354000000
