0.0077130000 0.0445640000 0.0100140000
0.0307120000 -0.0479750000 -0.1199680000
-0.0338880000 0.0534860000 -0.1036540000
0.0305000000 -0.0476360000 0.0851430000
-0.0502210000 -0.0320910000 -0.0396020000
-0.0454690000 0.0125850000 0.0844820000
0.0498050000 0.0298170000 -0.0713680000
0.0342010000 -0.0418750000 -0.0059970000
0.0469980000 0.0353280000 0.0845700000
-0.0498330000 -0.0240680000 -0.1197730000
-0.0296160000 -0.0369650000 0.0312170000
-0.0401110000 0.0351090000 -0.0377950000
0.0125580000 0.0129010000 -0.1197120000
0.0068990000 -0.0441420000 -0.0622410000
0.0433860000 0.0025290000 0.0340930000
-0.0438680000 0.0197060000 0.0253190000
-0.0050620000 0.0473390000 0.0651940000
0.0460000000 0.0130970000 -0.0195330000
-0.0228140000 -0.0367300000 0.0849230000
0.0104620000 0.0441710000 -0.0416120000
-0.0454720000 0.0089520000 -0.0811700000
0.0083890000 0.0030110000 0.0850670000
0.0400170000 -0.0157300000 -0.0846660000
0.0167990000 -0.0467040000 0.0389730000
-0.0117180000 -0.0404370000 -0.0135430000
0.0085490000 0.0447190000 -0.0872150000
-0.0107330000 -0.0403730000 -0.1034820000
0.0495680000 0.0349850000 -0.1146650000
-0.0506540000 -0.0148710000 0.0002330000
-0.0334610000 0.0538590000 0.0005810000
0.0386610000 -0.0217770000 -0.0428840000
-0.0294410000 0.0135270000 -0.1195940000
-0.0440100000 -0.0334850000 -0.0801780000
-0.0520700000 -0.0205310000 0.0611660000
0.0305080000 0.0390920000 0.0470080000
0.0485570000 0.0349060000 0.0127580000
0.0395380000 -0.0136280000 0.0694350000
-0.0332400000 0.0538190000 0.0398020000
-0.0228020000 0.0518740000 -0.0673660000
-0.0367200000 0.0489390000 0.0844140000
0.0422460000 -0.0073120000 -0.1194930000
-0.0043250000 0.0442250000 -0.1197960000
-0.0471050000 0.0019860000 -0.0466110000
0.0305670000 -0.0481530000 -0.0860860000
-0.0442150000 0.0177520000 -0.0083650000
0.0108950000 -0.0207400000 -0.1195170000
0.0407530000 -0.0106640000 0.0035480000
-0.0421180000 0.0278170000 0.0564040000
-0.0155960000 0.0243530000 0.0849720000
0.0279520000 0.0400620000 -0.0143680000
