0.0441700000 0.0227030000 0.0852150000
-0.0502980000 -0.0306310000 -0.1198410000
0.0490060000 0.0349170000 -0.0513590000
-0.0523010000 -0.0296070000 0.0120340000
-0.0340360000 0.0535240000 0.0473780000
-0.0331380000 0.0536720000 -0.0877500000
0.0319770000 -0.0473770000 -0.0169470000
0.0389610000 -0.0227000000 -0.1194610000
-0.0116820000 -0.0400480000 0.0847810000
0.0292100000 0.0394390000 0.0174150000
-0.0408640000 0.0322760000 -0.0202200000
-0.0272150000 -0.0369580000 -0.0535470000
0.0233890000 0.0413380000 -0.1195070000
0.0369230000 -0.0270570000 0.0441450000
-0.0461860000 0.0084360000 0.0843680000
0.0394130000 -0.0183810000 -0.0639650000
-0.0214780000 0.0133280000 -0.1195980000
-0.0461720000 0.0055210000 -0.0751710000
-0.0046250000 -0.0417020000 -0.0994310000
-0.0007010000 0.0467720000 -0.0481800000
