0.0218840000 -0.0348510000 0.0852920000
-0.0329520000 0.0535570000 -0.1196840000
0.0306230000 -0.0483260000 -0.0517580000
-0.0349120000 0.0528750000 0.0094170000
-0.0500550000 -0.0315720000 -0.0912570000
0.0489460000 0.0353410000 -0.0835480000
0.0497060000 0.0311780000 0.0308650000
-0.0315480000 -0.0364200000 0.0129830000
-0.0444690000 0.0163490000 0.0843690000
0.0180460000 -0.0219430000 -0.1195510000
-0.0417560000 0.0276950000 -0.0554790000
0.0359030000 -0.0330560000 0.0139930000
0.0187790000 0.0422510000 -0.0261120000
0.0153210000 0.0421890000 0.0850530000
-0.0325720000 -0.0365760000 0.0693230000
-0.0234710000 -0.0378130000 -0.0420360000
0.0423810000 -0.0035860000 -0.0287650000
-0.0009050000 0.0469710000 -0.0802290000
-0.0461060000 0.0090990000 0.0334810000
-0.0269910000 0.0032830000 -0.1194180000
-0.0477130000 0.0000910000 -0.0152090000
-0.0245890000 0.0518870000 0.0573620000
0.0172770000 0.0263310000 -0.1198890000
0.0438460000 0.0061650000 0.0715220000
0.0409640000 -0.0110620000 -0.0788910000
-0.0046520000 -0.0417460000 -0.0845350000
0.0068760000 0.0446430000 0.0250400000
0.0042440000 -0.0441780000 0.0439470000
-0.0028790000 0.0018740000 0.0849030000
0.0031310000 -0.0435900000 -0.0100890000
