-0.0519300000 -0.0304820000 0.0312220000
0.0494750000 0.0348190000 -0.1199690000
0.0484600000 0.0342870000 0.0849970000
-0.0512290000 -0.0299520000 -0.0918880000
0.0422120000 -0.0041470000 -0.0179610000
-0.0345070000 0.0531610000 -0.0414480000
-0.0345970000 0.0532420000 0.0577270000
0.0296310000 -0.0487460000 0.0605700000
0.0335800000 -0.0455240000 -0.0931290000
-0.0300700000 0.0418570000 -0.1199100000
-0.0178090000 -0.0390450000 -0.0298890000
-0.0180670000 -0.0067210000 0.0849100000
0.0207080000 0.0414150000 0.0245600000
0.0258780000 0.0406330000 -0.0602970000
-0.0432760000 0.0219750000 0.0074220000
-0.0023500000 -0.0091820000 -0.1194620000
0.0212620000 -0.0474200000 0.0071300000
-0.0471750000 0.0015480000 -0.0488450000
0.0426710000 -0.0002140000 0.0466460000
0.0314900000 -0.0478180000 -0.0425840000
0.0421840000 -0.0051340000 -0.0669820000
0.0007970000 0.0370440000 0.0850940000
0.0052970000 0.0453510000 -0.0189410000
-0.0088340000 -0.0407500000 -0.0750470000
-0.0461590000 0.0095990000 0.0530130000
-0.0140040000 -0.0403570000 0.0533160000
0.0419290000 -0.0089090000 -0.1190320000
0.0097220000 0.0444170000 -0.1011010000
0.0260110000 -0.0125900000 0.0852660000
-0.0514030000 -0.0190650000 -0.0106340000
-0.0404730000 0.0317190000 -0.0791770000
-0.0514480000 -0.0317860000 0.0742790000
-0.0457410000 0.0021260000 -0.1195330000
0.0475530000 0.0355740000 -0.0068140000
-0.0181750000 -0.0391460000 0.0108030000
-0.0180170000 0.0504640000 0.0192320000
-0.0385710000 0.0276660000 0.0848210000
-0.0272950000 -0.0365650000 -0.1194180000
-0.0092180000 0.0487190000 -0.0685930000
-0.0423030000 -0.0338720000 -0.0566990000
0.0087760000 -0.0439490000 -0.1198290000
0.0034330000 -0.0429670000 0.0852100000
0.0490990000 0.0259860000 -0.0842920000
0.0471340000 0.0354680000 0.0489990000
0.0392750000 -0.0174030000 0.0154180000
0.0482300000 0.0230180000 -0.0397240000
-0.0014040000 0.0465640000 0.0508910000
0.0202400000 0.0174240000 -0.1198620000
-0.0359520000 0.0511180000 -0.0085970000
-0.0426880000 0.0246670000 -0.0263380000
0.0471960000 0.0190180000 0.0211660000
-0.0471040000 0.0004690000 -0.0812560000
-0.0486130000 -0.0016430000 0.0823030000
0.0111370000 -0.0455260000 0.0362070000
-0.0406260000 0.0335220000 0.0352510000
0.0359030000 -0.0338870000 -0.0154730000
0.0236100000 0.0174660000 0.0853860000
-0.0096640000 0.0202590000 -0.1197710000
-0.0481730000 -0.0013710000 0.0250070000
0.0236730000 0.0405560000 0.0670050000
0.0094420000 -0.0448340000 -0.0213400000
-0.0249140000 0.0522230000 -0.0933420000
-0.0250020000 -0.0374600000 0.0846400000
0.0390510000 -0.0198960000 -0.0421260000
