-0.0310570000 0.0537120000 -0.0329490000
0.0312760000 -0.0472530000 0.0852300000
0.0317220000 -0.0476870000 -0.1198690000
-0.0360320000 0.0496970000 0.0847700000
0.0062600000 -0.0442580000 -0.0173960000
0.0476020000 0.0352990000 0.0292340000
-0.0443400000 0.0120750000 -0.1192550000
0.0489260000 0.0353540000 -0.0790140000
-0.0511240000 -0.0318510000 0.0505660000
-0.0522960000 -0.0273860000 -0.0580400000
0.0197010000 0.0166560000 0.0849610000
-0.0421420000 0.0272300000 0.0243730000
0.0440740000 0.0041100000 -0.0256370000
0.0376560000 -0.0240730000 0.0299200000
0.0059000000 0.0451190000 -0.1197840000
0.0359150000 -0.0356740000 -0.0648760000
