-0.0331650000 -0.0353970000 -0.1119650000
0.0483700000 0.0341160000 0.0851830000
-0.0521960000 -0.0299750000 0.0217000000
0.0484010000 0.0354120000 -0.0429290000
-0.0331870000 0.0536960000 -0.0842470000
0.0309340000 -0.0481230000 -0.0109470000
-0.0344730000 0.0533260000 0.0533350000
0.0083370000 -0.0452250000 0.0849060000
0.0437820000 -0.0004600000 -0.1197100000
-0.0410150000 0.0316920000 -0.0155440000
-0.0288460000 -0.0366490000 -0.0432390000
0.0453340000 0.0107780000 0.0208210000
-0.0470190000 -0.0054650000 0.0846080000
0.0271470000 -0.0481630000 -0.0772430000
0.0094500000 0.0441910000 -0.1198440000
0.0033670000 0.0456560000 0.0135630000
-0.0011140000 -0.0429800000 0.0320760000
-0.0467970000 0.0021770000 -0.0756150000
-0.0036580000 0.0245260000 0.0850930000
-0.0012500000 0.0468710000 -0.0452640000
0.0400660000 -0.0114010000 0.0659390000
0.0403860000 -0.0134690000 -0.0447390000
-0.0330160000 0.0190980000 -0.1197680000
0.0458470000 0.0363100000 -0.0903160000
0.0128630000 -0.0354000000 -0.1197070000
-0.0449510000 0.0148020000 0.0299230000
0.0202110000 0.0414710000 0.0529570000
-0.0497240000 -0.0103460000 -0.0158650000
-0.0285220000 -0.0373850000 0.0639070000
0.0365670000 -0.0291420000 0.0247480000
-0.0198970000 -0.0387870000 -0.0037000000
0.0041460000 0.0037170000 -0.1195870000
-0.0114800000 -0.0401760000 -0.0789620000
0.0361750000 0.0380790000 -0.0059060000
0.0090010000 -0.0446490000 -0.0429130000
0.0428760000 -0.0022750000 -0.0814750000
-0.0410450000 0.0321510000 0.0844020000
-0.0338130000 0.0536310000 0.0150040000
0.0094730000 0.0445460000 -0.0816400000
-0.0406670000 0.0324680000 -0.0538360000
