0.0019150000 0.0316350000 0.0851050000
0.0310320000 -0.0478130000 -0.1200190000
-0.0345530000 0.0531090000 -0.0484370000
0.0294860000 -0.0487590000 0.0001720000
-0.0525450000 -0.0292490000 0.0400630000
0.0492780000 0.0349220000 -0.0830030000
-0.0505110000 -0.0314190000 -0.0806800000
0.0340820000 0.0384210000 0.0040220000
0.0306440000 -0.0478110000 0.0846420000
-0.0193980000 0.0272880000 -0.1198310000
-0.0355150000 0.0520860000 0.0251360000
-0.0486550000 -0.0050340000 -0.0211630000
0.0380430000 -0.0247610000 -0.0593540000
0.0430290000 0.0017610000 0.0518830000
-0.0189900000 -0.0208900000 0.0847360000
-0.0101600000 -0.0406680000 -0.0374520000
-0.0163320000 -0.0254780000 -0.1196170000
0.0280390000 0.0046410000 -0.1196920000
-0.0020840000 -0.0428300000 0.0407640000
-0.0441960000 0.0190390000 0.0641080000
0.0155810000 0.0429410000 -0.0444850000
-0.0439000000 0.0167840000 -0.0790730000
0.0420810000 -0.0045080000 -0.0153970000
0.0485360000 0.0340380000 0.0851030000
0.0069000000 0.0445980000 0.0411920000
0.0026720000 -0.0431820000 -0.0817730000
-0.0274250000 -0.0371640000 0.0038000000
0.0057500000 0.0454550000 -0.0880900000
-0.0075130000 0.0482600000 -0.0076940000
-0.0458340000 0.0102670000 0.0211250000
0.0203250000 -0.0076270000 0.0852750000
-0.0330960000 0.0536160000 0.0837320000
-0.0334280000 0.0534830000 -0.0923720000
-0.0469590000 -0.0007240000 -0.1167440000
0.0476540000 0.0202110000 -0.0457080000
0.0356470000 -0.0334210000 0.0358720000
-0.0411130000 0.0313380000 -0.0127150000
0.0487040000 0.0353800000 -0.1200470000
0.0389480000 -0.0212220000 -0.0959070000
0.0430510000 0.0363410000 0.0395650000
-0.0454300000 -0.0332200000 -0.0444380000
-0.0531800000 -0.0280290000 0.0760230000
0.0246430000 -0.0479310000 -0.0355050000
0.0446700000 0.0076270000 0.0173380000
0.0136540000 0.0358360000 -0.1198680000
-0.0438960000 0.0182280000 -0.0448700000
0.0441490000 0.0034170000 -0.0752920000
-0.0472220000 -0.0325480000 -0.1127300000
0.0009060000 -0.0436190000 0.0734680000
-0.0281780000 -0.0374000000 0.0586430000
-0.0225840000 0.0514380000 0.0538820000
-0.0214270000 0.0105200000 0.0841980000
-0.0512540000 -0.0175190000 0.0078810000
-0.0237860000 -0.0375640000 -0.0662910000
0.0255120000 0.0401580000 0.0654460000
-0.0487500000 -0.0078280000 -0.0611780000
0.0006210000 -0.0431150000 -0.0081440000
-0.0023510000 0.0015170000 -0.1195080000
0.0327680000 -0.0467370000 -0.0801160000
0.0371250000 -0.0253230000 0.0657690000
