-0.0063810000 -0.0420360000 0.0621280000
-0.0321700000 0.0539300000 -0.1196490000
0.0318600000 -0.0475810000 -0.0643360000
-0.0333840000 0.0538500000 -0.0015170000
0.0480870000 0.0348280000 0.0847140000
-0.0511940000 -0.0313330000 -0.0296840000
0.0490920000 0.0346600000 -0.0319340000
-0.0367390000 -0.0346980000 -0.1193240000
-0.0400050000 0.0360130000 0.0842770000
0.0478030000 0.0183930000 -0.1197420000
0.0373010000 -0.0266020000 0.0058750000
-0.0484320000 -0.0026220000 0.0297140000
-0.0420460000 0.0263500000 -0.0608100000
0.0228330000 0.0409160000 0.0262220000
0.0122740000 0.0438440000 -0.0789920000
0.0215070000 -0.0340880000 -0.1197320000
-0.0516970000 -0.0184530000 0.0840650000
0.0381410000 -0.0192660000 0.0848520000
-0.0145100000 -0.0399060000 0.0087170000
-0.0195680000 -0.0384290000 -0.0701900000
-0.0067940000 0.0089170000 -0.1195830000
0.0438270000 0.0020750000 -0.0715990000
-0.0058820000 0.0013410000 0.0850530000
0.0024280000 0.0459790000 -0.0324360000
0.0039460000 0.0451820000 0.0693790000
0.0430980000 0.0015710000 0.0427580000
-0.0454810000 0.0112740000 -0.0142680000
-0.0323700000 0.0538780000 0.0436390000
-0.0462510000 0.0038470000 -0.0990230000
0.0017720000 -0.0432530000 -0.0321050000
0.0334850000 -0.0431580000 0.0456220000
0.0394260000 -0.0180000000 -0.0350710000
0.0462370000 0.0147160000 0.0039820000
0.0153390000 0.0429630000 -0.1196250000
-0.0495480000 -0.0118260000 -0.0634790000
-0.0423020000 -0.0344440000 0.0504890000
-0.0245620000 0.0522970000 -0.0825010000
0.0482690000 0.0357590000 -0.0867870000
-0.0506300000 -0.0320180000 0.0072710000
-0.0328170000 0.0539650000 -0.0384890000
-0.0464120000 0.0086110000 0.0628030000
0.0477120000 0.0353050000 0.0498300000
0.0083100000 -0.0442990000 -0.0896840000
0.0379770000 -0.0260230000 -0.0903590000
0.0000450000 0.0464980000 0.0018110000
0.0183980000 -0.0467060000 0.0845580000
-0.0417630000 0.0288320000 0.0194890000
0.0322970000 -0.0469630000 -0.0198020000
0.0255340000 0.0110640000 0.0855600000
-0.0502250000 -0.0314050000 -0.0897160000
0.0233800000 -0.0021500000 -0.1196410000
0.0150990000 -0.0462230000 0.0187390000
0.0299030000 0.0394820000 -0.0066280000
-0.0210910000 -0.0262100000 0.0849770000
-0.0085730000 -0.0225520000 -0.1195760000
0.0258520000 0.0405840000 -0.0517640000
-0.0344890000 0.0235420000 -0.1197720000
-0.0034570000 0.0470030000 0.0404260000
-0.0242510000 -0.0377230000 -0.0205160000
-0.0078660000 0.0484470000 -0.0591970000
0.0452220000 0.0090080000 -0.0436810000
-0.0408130000 0.0303900000 -0.0893670000
-0.0463130000 0.0060760000 -0.0418410000
-0.0180860000 -0.0388290000 -0.0988170000
-0.0175820000 -0.0395060000 0.0365790000
-0.0081770000 0.0483790000 -0.1055220000
-0.0129660000 0.0282610000 0.0838640000
0.0435110000 -0.0003240000 -0.0994950000
-0.0309110000 -0.0065070000 -0.1194600000
0.0051530000 -0.0437680000 -0.0592790000
