0.0267790000 0.0399850000 0.0537720000
-0.0498700000 -0.0311370000 -0.1198640000
0.0490980000 0.0350640000 -0.0724140000
-0.0511790000 -0.0315730000 -0.0008270000
-0.0129130000 -0.0395990000 0.0848960000
-0.0332710000 0.0539050000 -0.0332210000
0.0311660000 -0.0479980000 -0.0377920000
-0.0223080000 0.0517460000 -0.1197780000
0.0363350000 -0.0326090000 -0.1198100000
-0.0416890000 0.0301040000 0.0840030000
0.0366710000 -0.0287960000 0.0324920000
0.0482680000 0.0237010000 -0.0069830000
-0.0480200000 -0.0037950000 -0.0604060000
-0.0423760000 0.0261310000 0.0219550000
-0.0077070000 -0.0410750000 -0.0812410000
0.0403300000 -0.0063300000 0.0856510000
0.0249030000 0.0213530000 -0.1199350000
-0.0518340000 -0.0191410000 0.0523980000
0.0026810000 0.0458660000 0.0041110000
-0.0009690000 0.0468920000 -0.0725300000
-0.0015600000 -0.0427120000 0.0010130000
0.0403080000 -0.0141050000 -0.0730920000
-0.0443570000 0.0133320000 -0.1040620000
-0.0069000000 -0.0138180000 -0.1195010000
-0.0254340000 -0.0373770000 -0.0385200000
-0.0035720000 0.0052450000 0.0849960000
0.0297670000 -0.0486280000 0.0729270000
-0.0174800000 0.0502280000 0.0506750000
-0.0459120000 0.0090910000 -0.0183670000
0.0207210000 0.0417650000 -0.0353630000
-0.0153490000 -0.0400250000 0.0416250000
0.0392840000 -0.0179000000 -0.0086190000
0.0453300000 0.0109850000 0.0319110000
-0.0400350000 0.0348530000 -0.0699490000
0.0021800000 0.0446960000 0.0849630000
0.0491340000 0.0322880000 0.0852090000
0.0452510000 0.0091730000 -0.0424380000
0.0295350000 -0.0484110000 -0.0856430000
-0.0441830000 -0.0334520000 -0.0826130000
-0.0386970000 -0.0068360000 0.0846850000
-0.0324640000 0.0539500000 0.0022600000
-0.0096640000 0.0202590000 -0.1197710000
0.0313790000 -0.0478020000 0.0050750000
0.0431170000 -0.0021930000 -0.1044110000
0.0320110000 0.0388020000 0.0188130000
-0.0449990000 0.0154350000 0.0542350000
0.0068740000 0.0450290000 -0.1050580000
-0.0490560000 -0.0063670000 0.0212550000
0.0062120000 -0.0437450000 -0.1117690000
-0.0513590000 -0.0197330000 -0.0319530000
0.0495500000 0.0348970000 -0.1045990000
0.0133950000 -0.0224640000 0.0852500000
0.0027060000 -0.0433160000 -0.0509580000
0.0148470000 -0.0463310000 0.0458250000
0.0407460000 -0.0084260000 0.0550390000
-0.0232750000 -0.0375520000 -0.1071140000
-0.0257490000 0.0524900000 -0.0899000000
-0.0417950000 -0.0344350000 0.0286590000
0.0213610000 0.0215410000 0.0852830000
-0.0406030000 -0.0349290000 0.0750580000
0.0390900000 -0.0197110000 -0.0429530000
-0.0057600000 0.0478990000 -0.0240750000
-0.0419840000 0.0271360000 -0.0415890000
0.0061490000 0.0448070000 0.0340240000
0.0470870000 0.0198640000 0.0590420000
-0.0243750000 0.0516960000 0.0783170000
0.0481540000 0.0355690000 -0.0329030000
-0.0344460000 -0.0077690000 -0.1194700000
0.0200160000 -0.0066280000 -0.1195780000
-0.0355280000 0.0520650000 0.0296820000
0.0236260000 0.0412720000 -0.0833280000
-0.0257870000 -0.0374170000 -0.0103920000
-0.0468170000 -0.0329650000 -0.0553310000
0.0077240000 -0.0445100000 -0.0243520000
0.0262750000 0.0403690000 -0.0079010000
-0.0485070000 -0.0075440000 -0.0874440000
-0.0231610000 0.0519410000 -0.0578220000
-0.0402540000 0.0346830000 -0.0142460000
0.0354510000 -0.0378290000 -0.0617240000
0.0457470000 0.0105030000 -0.0811180000
0.0410140000 -0.0092340000 0.0159820000
-0.0396200000 0.0329090000 -0.1198070000
-0.0164610000 0.0272130000 0.0849480000
0.0476710000 0.0353090000 0.0387220000
0.0379370000 -0.0262010000 -0.0953830000
-0.0391970000 0.0397110000 0.0608450000
0.0052640000 -0.0445100000 0.0686810000
0.0286600000 0.0399710000 -0.0587830000
-0.0210420000 -0.0386160000 0.0161130000
0.0131910000 -0.0458080000 0.0213040000
-0.0241740000 -0.0374890000 -0.0633340000
-0.0007010000 0.0467720000 -0.0481800000
-0.0159950000 -0.0155820000 0.0847270000
0.0038500000 0.0452530000 0.0610320000
0.0438530000 0.0031780000 -0.0190960000
0.0370110000 -0.0257390000 0.0710340000
-0.0137610000 0.0494800000 0.0204660000
-0.0398130000 0.0344190000 -0.0949120000
-0.0494420000 -0.0084120000 -0.0024250000
0.0348290000 -0.0393220000 -0.0164970000
-0.0444420000 0.0141070000 -0.0793860000
0.0472340000 0.0152190000 -0.1194190000
-0.0360510000 -0.0356790000 0.0514820000
0.0122030000 -0.0451010000 -0.0715690000
0.0181580000 -0.0007200000 0.0849220000
0.0344210000 -0.0385590000 0.0530930000
0.0282570000 0.0402240000 -0.1084200000
-0.0473220000 0.0011170000 -0.0388300000
0.0485430000 0.0248930000 0.0149590000
-0.0445150000 0.0163900000 0.0022630000
0.0307640000 0.0388510000 0.0753380000
0.0271490000 -0.0481090000 -0.1073540000
-0.0173720000 -0.0397300000 0.0633450000
-0.0460780000 0.0108090000 0.0751650000
0.0492580000 0.0275320000 -0.0526520000
-0.0482750000 -0.0014080000 0.0417120000
-0.0302250000 0.0127750000 -0.1195540000
-0.0513940000 -0.0241340000 -0.0999290000
0.0452500000 0.0126390000 0.0786200000
-0.0240870000 0.0078110000 0.0844810000
0.0369470000 -0.0282970000 0.0091320000
0.0303570000 -0.0484460000 0.0323400000
0.0112960000 -0.0255040000 -0.1195970000
0.0440810000 0.0033190000 -0.0620190000
0.0444120000 0.0062010000 0.0028240000
-0.0517000000 -0.0179380000 0.0730220000
-0.0403550000 0.0347560000 0.0411440000
-0.0441490000 0.0164700000 -0.0592030000
