0.0168980000 0.0444650000 0.0046900000
0.0061640000 -0.0725340000 0.0014140000
0.0394100000 0.1284420000 0.0003490000
-0.0470300000 -0.0085480000 -0.0020760000
0.0269780000 -0.0152390000 -0.0051790000
-0.0355760000 -0.0530040000 0.0017970000
0.0203220000 0.0884830000 0.0011110000
-0.0078090000 0.0086840000 0.0053350000
-0.0022870000 -0.0358250000 0.0071780000
0.0294820000 -0.0478590000 0.0041260000
0.0185700000 0.0166210000 -0.0004900000
-0.0198250000 -0.0157090000 -0.0004880000
-0.0542740000 -0.0346160000 -0.0059550000
-0.0097320000 -0.0550520000 -0.0071400000
0.0055010000 -0.0122520000 0.0071880000
0.0287800000 0.0653250000 -0.0013560000
0.0378550000 0.1045900000 -0.0007530000
-0.0277540000 0.0051690000 -0.0055440000
0.0018230000 0.0306350000 -0.0035990000
-0.0218500000 -0.0370270000 -0.0044060000
0.0067870000 0.0018280000 -0.0069120000
0.0213170000 -0.0625400000 -0.0057380000
-0.0031150000 -0.0224610000 -0.0063200000
0.0207040000 -0.0010930000 0.0056590000
0.0302220000 -0.0295220000 0.0059560000
0.0120700000 0.0610110000 0.0016620000
-0.0527010000 -0.0224520000 0.0056850000
-0.0087280000 -0.0042710000 -0.0054330000
-0.0322770000 -0.0066410000 0.0047770000
0.0188180000 0.0320740000 -0.0056690000
-0.0497110000 -0.0457840000 0.0047640000
-0.0051880000 -0.0623070000 0.0065170000
0.0044820000 0.0187540000 0.0068940000
-0.0068370000 -0.0397190000 -0.0069750000
0.0292450000 0.1170560000 0.0016640000
0.0328350000 0.0800000000 -0.0006250000
-0.0180380000 -0.0022420000 0.0062890000
0.0006020000 -0.0494530000 0.0019840000
-0.0144560000 -0.0282540000 0.0047030000
0.0072810000 0.0045120000 0.0073630000
0.0178870000 0.0742520000 0.0026450000
-0.0052350000 0.0183150000 -0.0048260000
0.0078660000 0.0431550000 -0.0060250000
0.0278540000 -0.0375930000 -0.0053590000
0.0149500000 0.0281760000 0.0071880000
0.0244120000 0.1020090000 0.0019740000
0.0063660000 -0.0256600000 0.0033790000
-0.0025460000 -0.0668330000 -0.0075230000
-0.0233660000 -0.0474540000 0.0040570000
-0.0153250000 0.0097240000 -0.0056220000
0.0249020000 0.0527210000 -0.0018600000
0.0028410000 -0.0107010000 -0.0056890000
0.0073100000 0.0149580000 -0.0071390000
0.0174070000 -0.0674730000 0.0057070000
-0.0506280000 -0.0200640000 -0.0069080000
0.0054580000 0.0386620000 0.0059560000
0.0329060000 0.0928170000 -0.0018820000
-0.0393620000 -0.0411180000 -0.0011880000
-0.0359990000 -0.0044980000 -0.0072470000
0.0184050000 -0.0058900000 -0.0058800000
