-0.0011620000 0.0250690000 -0.0027030000
0.0394100000 0.1284420000 0.0003490000
0.0089070000 -0.0722310000 0.0049150000
-0.0549930000 -0.0300010000 -0.0032710000
0.0307810000 0.0721650000 -0.0002770000
0.0299430000 -0.0208600000 0.0014730000
-0.0137710000 -0.0168950000 0.0050860000
-0.0263740000 -0.0498450000 0.0030570000
-0.0395380000 -0.0025400000 -0.0064310000
0.0243800000 0.1019390000 0.0017020000
0.0028750000 -0.0419190000 0.0006340000
0.0226850000 0.0432780000 -0.0009370000
0.0086460000 -0.0023100000 -0.0071260000
0.0294660000 -0.0482820000 0.0034800000
-0.0192210000 0.0084760000 0.0055210000
-0.0074590000 -0.0611430000 -0.0073400000
