0.0229300000 -0.0113740000 -0.0058000000
0.0373840000 0.1289390000 0.0012220000
-0.0524560000 -0.0431280000 0.0032910000
0.0120940000 0.0604050000 0.0024030000
0.0049170000 -0.0721710000 0.0049080000
-0.0277790000 0.0053570000 0.0043760000
-0.0109770000 -0.0352580000 -0.0053750000
0.0075330000 0.0220140000 0.0073300000
0.0351920000 0.0907820000 -0.0005910000
0.0300810000 -0.0457800000 0.0038230000
-0.0494950000 -0.0138550000 -0.0066520000
-0.0025680000 -0.0075530000 0.0061010000
-0.0285410000 -0.0508470000 0.0036460000
0.0211680000 0.0384210000 -0.0055170000
-0.0087250000 -0.0580920000 -0.0073770000
-0.0081950000 0.0114020000 -0.0052880000
0.0210360000 -0.0627280000 -0.0058240000
0.0271360000 0.1102930000 0.0021480000
0.0061670000 -0.0267700000 0.0037110000
0.0303000000 0.0703520000 -0.0008240000
0.0122110000 0.0066750000 -0.0062030000
-0.0196540000 -0.0175560000 0.0006240000
0.0303500000 -0.0258950000 0.0059220000
0.0049290000 0.0409850000 0.0046550000
-0.0010190000 -0.0468780000 0.0059440000
0.0188300000 0.0839080000 0.0017600000
-0.0537540000 -0.0258210000 0.0054680000
-0.0416150000 -0.0051490000 0.0062820000
0.0143400000 -0.0039840000 0.0072800000
-0.0177720000 -0.0025640000 -0.0068720000
-0.0044580000 -0.0187560000 -0.0065170000
0.0183580000 0.0224720000 -0.0046700000
-0.0410730000 -0.0491820000 -0.0060300000
0.0255470000 0.0526700000 -0.0003950000
-0.0341860000 -0.0028110000 -0.0074380000
0.0014720000 0.0076310000 0.0065740000
0.0044980000 0.0296250000 -0.0059760000
-0.0252730000 -0.0362310000 0.0002170000
0.0069980000 -0.0073160000 -0.0053200000
-0.0049550000 -0.0613200000 0.0065820000
