-0.0044240000 0.0069670000 -0.0049700000
0.0394100000 0.1284420000 0.0003490000
0.0090240000 -0.0721790000 0.0051780000
-0.0531150000 -0.0420310000 0.0000570000
0.0284840000 0.0636550000 -0.0002880000
0.0309980000 -0.0270920000 0.0052140000
-0.0109530000 -0.0355700000 -0.0056180000
-0.0414830000 -0.0040240000 0.0059260000
0.0203180000 0.0298810000 0.0051090000
0.0230880000 0.0978610000 0.0014670000
0.0207630000 -0.0007520000 0.0052880000
0.0263740000 -0.0526510000 -0.0054170000
0.0000080000 -0.0159220000 0.0069770000
-0.0293160000 -0.0513620000 0.0030950000
-0.0080070000 -0.0599130000 -0.0073800000
-0.0204720000 -0.0103200000 -0.0033060000
0.0091140000 0.0502900000 0.0009330000
-0.0520570000 -0.0200870000 -0.0067320000
0.0010930000 0.0277980000 -0.0043810000
-0.0218680000 0.0080050000 0.0052320000
0.0086700000 0.0142890000 0.0074170000
0.0385550000 0.1091860000 -0.0011000000
-0.0014900000 -0.0476790000 0.0061030000
0.0173630000 0.0793100000 0.0016910000
0.0246610000 -0.0143400000 -0.0058150000
0.0053400000 -0.0320260000 0.0008530000
0.0077140000 -0.0060920000 -0.0057240000
0.0337650000 0.0844290000 -0.0008660000
-0.0320740000 0.0018120000 -0.0070690000
-0.0147220000 -0.0233910000 0.0045290000
