0.0010110000 -0.0642300000 0.0043100000
0.0373840000 0.1289390000 0.0012220000
0.0032310000 0.0352220000 -0.0042980000
-0.0503750000 -0.0135460000 -0.0025210000
0.0278910000 -0.0150120000 0.0010260000
0.0322490000 0.0776450000 -0.0004810000
-0.0113610000 -0.0022930000 0.0058220000
-0.0386740000 -0.0528610000 0.0025250000
-0.0087820000 -0.0336840000 -0.0066640000
0.0285780000 -0.0478070000 -0.0047100000
0.0152110000 0.0106990000 0.0063390000
0.0251150000 0.1041600000 0.0021910000
0.0251180000 0.0512120000 -0.0005310000
-0.0321290000 0.0023810000 -0.0064920000
-0.0539280000 -0.0367580000 -0.0059210000
0.0051420000 -0.0195040000 0.0061520000
-0.0080970000 0.0165540000 -0.0046930000
0.0056400000 -0.0028650000 -0.0071990000
0.0188960000 -0.0658460000 -0.0055060000
0.0141990000 0.0683760000 0.0015000000
0.0204900000 0.0303240000 0.0049820000
-0.0207110000 -0.0448700000 0.0043700000
-0.0193420000 -0.0195690000 0.0014960000
-0.0015890000 -0.0454110000 0.0065890000
0.0304310000 -0.0327520000 0.0058530000
-0.0096960000 -0.0545750000 -0.0072630000
0.0086630000 0.0192220000 -0.0071240000
0.0114540000 0.0442640000 0.0072080000
0.0148340000 -0.0059730000 0.0063640000
0.0392130000 0.1125250000 -0.0005110000
-0.0052440000 -0.0153540000 -0.0060570000
-0.0392880000 -0.0051180000 0.0063430000
