0.0093330000 0.0403520000 0.0065110000
0.0066880000 -0.0725520000 0.0010290000
0.0394100000 0.1284420000 0.0003490000
-0.0508680000 -0.0144460000 -0.0025990000
0.0274370000 -0.0161910000 -0.0049740000
0.0329360000 0.0811490000 -0.0012540000
-0.0111620000 0.0017610000 0.0057730000
-0.0308460000 -0.0519420000 0.0028930000
0.0012820000 -0.0372520000 0.0064310000
0.0279930000 -0.0498870000 -0.0047480000
0.0159120000 0.0124830000 -0.0049910000
-0.0187820000 -0.0223310000 -0.0013450000
-0.0531600000 -0.0404440000 -0.0047080000
0.0257610000 0.1061740000 0.0016430000
0.0133470000 0.0651530000 0.0021280000
-0.0326750000 0.0019240000 -0.0067370000
-0.0086910000 -0.0549860000 -0.0075270000
0.0034820000 -0.0140580000 -0.0045960000
-0.0034570000 0.0223640000 0.0010570000
0.0167210000 -0.0037690000 0.0071290000
0.0307190000 -0.0328980000 0.0057860000
0.0244940000 0.0496210000 -0.0014510000
0.0203960000 0.0305320000 -0.0046910000
-0.0164880000 -0.0403740000 0.0023360000
0.0212210000 -0.0630130000 0.0055800000
0.0010740000 0.0032460000 -0.0069310000
-0.0249360000 -0.0079420000 0.0044460000
-0.0411230000 -0.0042520000 0.0062350000
0.0119380000 0.0228670000 0.0073790000
-0.0044420000 -0.0288740000 -0.0064890000
-0.0052930000 -0.0628140000 0.0064490000
-0.0533190000 -0.0280390000 0.0055980000
0.0290840000 0.0656330000 -0.0005560000
-0.0115680000 -0.0089200000 -0.0060020000
0.0060550000 0.0080780000 0.0073240000
0.0211030000 0.0911210000 0.0019800000
-0.0189230000 0.0094680000 -0.0055490000
0.0391750000 0.1131960000 -0.0010160000
0.0054370000 0.0326830000 -0.0060020000
-0.0009140000 -0.0224340000 0.0070640000
0.0361670000 0.0957830000 -0.0012820000
-0.0455670000 -0.0497000000 0.0043020000
0.0012310000 -0.0057890000 0.0071740000
0.0139520000 -0.0024620000 -0.0066310000
0.0002580000 -0.0505710000 0.0022820000
0.0123200000 0.0447680000 -0.0063140000
0.0196200000 0.0773520000 -0.0001730000
-0.0260360000 0.0057430000 0.0057300000
-0.0024890000 -0.0671180000 -0.0074110000
0.0159090000 -0.0660970000 -0.0064140000
-0.0063520000 -0.0419780000 -0.0069040000
-0.0290830000 -0.0396510000 -0.0011570000
-0.0396950000 -0.0089110000 -0.0058440000
-0.0109770000 -0.0145650000 0.0054350000
-0.0522650000 -0.0263420000 -0.0068210000
0.0036410000 0.0155440000 -0.0067300000
0.0280400000 -0.0285700000 -0.0055420000
-0.0385740000 -0.0473290000 -0.0056650000
-0.0122380000 0.0140190000 0.0038410000
0.0101490000 0.0532080000 0.0024380000
0.0213670000 0.0383760000 0.0047870000
0.0278250000 -0.0209830000 0.0063220000
0.0305280000 0.1207170000 0.0023040000
-0.0212930000 -0.0021750000 -0.0070320000
