-0.0016180000 0.0244410000 0.0034380000
0.0394100000 0.1284420000 0.0003490000
0.0074120000 -0.0725200000 0.0019930000
-0.0549290000 -0.0293240000 -0.0036140000
0.0305520000 0.0717350000 -0.0012370000
0.0298320000 -0.0214610000 -0.0020360000
-0.0134770000 -0.0177830000 0.0050940000
-0.0271960000 -0.0503420000 0.0027680000
-0.0386200000 -0.0018200000 -0.0064460000
0.0242990000 0.1017190000 0.0017570000
0.0223610000 0.0424680000 -0.0013640000
0.0284450000 -0.0509220000 0.0043890000
0.0083340000 -0.0016400000 -0.0071510000
0.0009020000 -0.0424540000 -0.0029020000
-0.0185170000 0.0064620000 0.0057860000
0.0186940000 0.0163770000 0.0004140000
0.0121610000 0.0611120000 0.0021760000
-0.0485100000 -0.0486060000 0.0029910000
0.0067070000 -0.0225780000 0.0013130000
-0.0078480000 -0.0610980000 -0.0066660000
-0.0176370000 -0.0344720000 -0.0051490000
-0.0488090000 -0.0132170000 0.0058550000
0.0221260000 -0.0054060000 0.0061740000
0.0045420000 0.0396530000 -0.0047050000
-0.0096370000 -0.0040110000 -0.0056470000
0.0206070000 -0.0633660000 -0.0058180000
-0.0003810000 0.0068140000 0.0060100000
0.0190750000 0.0848530000 0.0016610000
0.0389100000 0.1109940000 -0.0005820000
-0.0271700000 -0.0082070000 0.0039600000
0.0284040000 -0.0375940000 -0.0054170000
0.0348220000 0.0892440000 -0.0009420000
0.0060410000 -0.0078460000 0.0076860000
0.0133690000 0.0307720000 0.0053180000
-0.0095950000 0.0136890000 -0.0051640000
-0.0066640000 -0.0525750000 0.0066300000
0.0055880000 0.0134720000 -0.0070640000
-0.0062360000 -0.0243470000 -0.0066160000
0.0266830000 0.0570300000 -0.0002980000
-0.0040950000 -0.0317420000 0.0063270000
-0.0240030000 0.0013840000 -0.0069560000
-0.0372700000 -0.0416120000 -0.0015300000
0.0111450000 0.0444930000 0.0068190000
-0.0043520000 -0.0662100000 0.0057580000
0.0133630000 0.0054730000 0.0070180000
0.0087520000 0.0268130000 -0.0070800000
-0.0111640000 -0.0479150000 -0.0057730000
-0.0493940000 -0.0174350000 -0.0069610000
0.0008080000 -0.0127850000 -0.0059160000
0.0228190000 -0.0108160000 -0.0058240000
-0.0395420000 -0.0039700000 0.0064020000
0.0304650000 -0.0316640000 0.0058610000
0.0080810000 0.0171150000 0.0074190000
0.0184080000 0.0722160000 0.0026650000
0.0195630000 0.0031660000 -0.0037950000
0.0302670000 0.1198740000 0.0017400000
-0.0502420000 -0.0406380000 -0.0065860000
-0.0140130000 -0.0052680000 0.0060610000
-0.0304810000 0.0040220000 0.0033500000
0.0174500000 -0.0663040000 0.0057800000
0.0202940000 0.0307550000 -0.0048480000
-0.0183330000 -0.0419910000 0.0045180000
-0.0532820000 -0.0376040000 0.0052180000
-0.0187220000 -0.0116160000 -0.0038860000
0.0011740000 -0.0689190000 -0.0075740000
-0.0395470000 -0.0127390000 -0.0015930000
-0.0016250000 0.0044340000 -0.0060390000
-0.0021030000 -0.0157360000 0.0048630000
-0.0381920000 -0.0529420000 0.0003130000
-0.0151470000 -0.0291090000 0.0045350000
0.0144770000 0.0508430000 -0.0019610000
0.0351590000 0.1004280000 -0.0018350000
-0.0260980000 -0.0418240000 -0.0043940000
-0.0512070000 -0.0240720000 0.0054780000
0.0018800000 -0.0314460000 -0.0039120000
0.0236340000 -0.0527500000 -0.0054030000
0.0244340000 -0.0161840000 0.0060280000
-0.0011800000 -0.0532710000 -0.0029270000
0.0032300000 0.0346940000 0.0048900000
-0.0167140000 -0.0227030000 -0.0040990000
0.0137280000 -0.0080870000 -0.0002810000
-0.0075490000 -0.0419400000 0.0049130000
-0.0072240000 -0.0362470000 -0.0069580000
-0.0070870000 0.0154460000 0.0050420000
-0.0034590000 -0.0034850000 0.0057370000
0.0118860000 -0.0690120000 -0.0068190000
-0.0192540000 0.0100140000 -0.0038710000
0.0287120000 0.0813580000 0.0020530000
0.0264150000 -0.0408510000 0.0040930000
0.0141230000 0.0422310000 -0.0073370000
0.0202020000 -0.0568040000 0.0032340000
0.0253900000 0.0922320000 -0.0009850000
-0.0443540000 -0.0485730000 -0.0060430000
0.0296730000 0.1100740000 0.0026660000
0.0190330000 0.0386860000 0.0069770000
0.0041380000 -0.0364550000 0.0041760000
-0.0017870000 0.0194910000 -0.0048090000
0.0202670000 0.0640060000 -0.0020020000
-0.0470400000 -0.0336920000 -0.0007960000
-0.0301000000 -0.0056000000 -0.0046180000
