-0.0107810000 -0.0325860000 -0.0049360000
0.0394100000 0.1284420000 0.0003490000
0.0232220000 0.0451080000 -0.0012670000
-0.0122380000 0.0140190000 0.0038410000
0.0158540000 -0.0694790000 0.0049190000
-0.0545210000 -0.0266300000 0.0043530000
0.0203120000 0.0888500000 0.0015060000
0.0248640000 -0.0092760000 0.0053560000
0.0300280000 -0.0407770000 -0.0047910000
-0.0354870000 -0.0530060000 0.0015560000
-0.0374380000 -0.0022200000 -0.0074690000
0.0157690000 0.0167980000 -0.0049480000
-0.0080460000 -0.0605680000 -0.0068990000
0.0002920000 -0.0077570000 -0.0067750000
0.0378090000 0.1047740000 -0.0010990000
0.0031800000 0.0342060000 0.0049700000
0.0135430000 0.0663110000 0.0017830000
-0.0198990000 -0.0126880000 0.0039420000
0.0059920000 -0.0243700000 0.0046370000
-0.0005490000 -0.0465020000 0.0056810000
-0.0507600000 -0.0430240000 -0.0063470000
0.0053210000 0.0051700000 0.0072850000
0.0310950000 0.0733010000 -0.0005850000
-0.0465340000 -0.0103270000 0.0059760000
-0.0273700000 0.0042200000 0.0061770000
0.0302370000 -0.0263700000 0.0059770000
0.0243020000 -0.0577280000 -0.0054790000
-0.0203200000 -0.0441890000 0.0045040000
-0.0160990000 0.0006240000 -0.0065170000
0.0198320000 0.0296790000 0.0055560000
0.0159010000 -0.0003800000 -0.0061810000
-0.0010150000 -0.0685240000 0.0063280000
-0.0002450000 0.0213470000 -0.0048580000
0.0128390000 0.0350270000 -0.0074570000
0.0062590000 -0.0700760000 -0.0072900000
0.0093730000 0.0512570000 0.0019780000
0.0292490000 0.1171170000 0.0019070000
-0.0497150000 -0.0176460000 -0.0069740000
0.0086850000 -0.0095100000 0.0056590000
-0.0076830000 -0.0034690000 0.0052270000
0.0350910000 0.0900920000 -0.0003890000
0.0081220000 0.0201460000 0.0074140000
-0.0025700000 0.0067420000 -0.0053950000
-0.0069420000 -0.0190730000 -0.0003300000
0.0265030000 0.0593760000 0.0003240000
0.0260440000 -0.0187420000 -0.0057650000
-0.0070870000 -0.0462660000 -0.0072060000
0.0244820000 0.1022380000 0.0019810000
0.0272940000 -0.0496920000 0.0055110000
0.0026700000 -0.0358550000 -0.0026210000
-0.0329930000 -0.0081050000 0.0040240000
0.0183080000 0.0076380000 0.0046480000
-0.0314910000 -0.0408670000 -0.0016150000
-0.0195440000 -0.0255300000 0.0016690000
-0.0077700000 -0.0574120000 0.0057370000
0.0147190000 0.0411660000 0.0075550000
-0.0471760000 -0.0486660000 0.0044050000
-0.0045940000 -0.0304940000 0.0056640000
-0.0276060000 0.0049550000 -0.0062350000
0.0197520000 0.0767480000 0.0026560000
-0.0524240000 -0.0310060000 -0.0067900000
-0.0138750000 -0.0111420000 -0.0063260000
-0.0532120000 -0.0384310000 0.0051590000
-0.0251310000 -0.0061640000 -0.0042150000
0.0172360000 -0.0667600000 -0.0061870000
0.0227620000 -0.0603820000 0.0055810000
0.0302070000 -0.0293290000 -0.0052480000
-0.0208790000 -0.0378000000 -0.0050840000
0.0086380000 0.0082740000 -0.0068330000
0.0051820000 0.0419980000 -0.0029200000
-0.0010120000 0.0140990000 0.0048920000
-0.0403950000 -0.0122190000 -0.0033060000
-0.0161040000 0.0038380000 0.0059740000
0.0301100000 -0.0374210000 0.0057290000
0.0033040000 -0.0180850000 -0.0041590000
-0.0423810000 -0.0398370000 -0.0000430000
-0.0092180000 -0.0407170000 0.0023210000
0.0399250000 0.1175380000 -0.0004860000
0.0236370000 -0.0080410000 -0.0053670000
-0.0008400000 -0.0541810000 -0.0020050000
