-0.0166960000 -0.0359100000 0.0046770000
0.0394100000 0.1284420000 0.0003490000
0.0221900000 0.0424370000 -0.0016540000
0.0241790000 -0.0078150000 -0.0037300000
0.0231930000 -0.0608840000 -0.0040000000
-0.0189140000 0.0105030000 -0.0014440000
0.0200390000 0.0875350000 0.0021540000
-0.0507780000 -0.0152750000 -0.0057030000
-0.0484080000 -0.0490180000 0.0010330000
-0.0056430000 -0.0643770000 0.0055400000
0.0094760000 0.0164630000 0.0074090000
0.0308020000 -0.0345330000 0.0056350000
-0.0036160000 -0.0130770000 -0.0062500000
0.0378200000 0.1040620000 -0.0005690000
0.0131330000 0.0644490000 0.0021620000
-0.0366350000 -0.0018270000 0.0065160000
0.0055210000 -0.0318140000 0.0027120000
0.0029200000 0.0331240000 -0.0047030000
-0.0041930000 -0.0477570000 -0.0060490000
0.0079060000 -0.0037890000 0.0075840000
-0.0290780000 -0.0487690000 -0.0045670000
-0.0211770000 -0.0134010000 0.0025580000
-0.0542380000 -0.0309380000 0.0053430000
-0.0003430000 0.0067990000 -0.0062640000
0.0307050000 0.0717670000 -0.0006830000
0.0072560000 -0.0708610000 -0.0069580000
0.0188640000 0.0252140000 -0.0048300000
0.0167650000 0.0074860000 -0.0050970000
-0.0090150000 -0.0018800000 0.0055280000
-0.0058810000 0.0194370000 0.0027590000
0.0084100000 0.0431100000 0.0067980000
-0.0075320000 -0.0289250000 -0.0066640000
0.0276620000 -0.0234910000 -0.0057020000
-0.0277820000 -0.0017450000 -0.0069370000
0.0264100000 -0.0452980000 -0.0053740000
0.0291900000 0.1168290000 0.0017280000
0.0266830000 0.0570300000 -0.0002980000
0.0014510000 -0.0178820000 0.0074220000
0.0347560000 0.0891990000 -0.0012060000
0.0150590000 -0.0689490000 0.0058750000
-0.0038060000 -0.0418970000 0.0070600000
0.0242230000 0.1010770000 0.0022230000
0.0061610000 0.0193360000 -0.0069810000
0.0084770000 -0.0041970000 -0.0065220000
-0.0417640000 -0.0043940000 -0.0063610000
-0.0521320000 -0.0379090000 -0.0066860000
0.0268140000 -0.0169140000 0.0064140000
-0.0113940000 -0.0229620000 0.0051410000
-0.0227680000 -0.0000610000 0.0063610000
-0.0039750000 -0.0613840000 -0.0076730000
