-0.0407890000 -0.0427720000 -0.0036090000
0.0394100000 0.1284420000 0.0003490000
0.0212870000 0.0324080000 0.0039420000
0.0310800000 -0.0393890000 0.0044980000
-0.0248950000 0.0069100000 0.0040510000
0.0184850000 0.0826140000 0.0013550000
-0.0028580000 -0.0676870000 -0.0057320000
0.0121410000 -0.0055340000 -0.0048160000
-0.0055600000 -0.0343160000 0.0055880000
-0.0486180000 -0.0119080000 -0.0060500000
-0.0026680000 0.0211390000 -0.0047210000
0.0372150000 0.1017410000 -0.0012280000
0.0108440000 0.0569160000 0.0014500000
0.0211360000 -0.0641220000 0.0052410000
-0.0122210000 -0.0126650000 -0.0059210000
0.0282350000 -0.0170740000 0.0057630000
0.0134080000 0.0124950000 0.0068120000
-0.0545210000 -0.0290570000 0.0049300000
-0.0220000000 -0.0465220000 0.0038290000
-0.0049130000 0.0030670000 0.0047370000
0.0290720000 0.0653540000 -0.0004620000
0.0053970000 0.0393040000 -0.0054560000
0.0015820000 -0.0163510000 0.0074250000
-0.0064520000 -0.0488240000 -0.0071540000
-0.0323130000 -0.0096390000 0.0018200000
-0.0200020000 -0.0272690000 -0.0007400000
0.0243390000 -0.0513820000 -0.0054320000
0.0288690000 0.1157060000 0.0020340000
0.0136730000 0.0220980000 -0.0065650000
-0.0050190000 -0.0573360000 0.0066760000
0.0239230000 0.0477050000 -0.0014590000
0.0057840000 0.0287810000 0.0067830000
0.0341400000 0.0858560000 -0.0007340000
0.0072180000 -0.0719940000 0.0059600000
-0.0013830000 -0.0242440000 -0.0058180000
0.0280850000 -0.0278070000 -0.0055780000
0.0062040000 0.0085510000 -0.0071800000
0.0229390000 0.0971960000 0.0019290000
-0.0135710000 0.0105180000 -0.0055020000
0.0116280000 0.0432630000 0.0076890000
-0.0169610000 -0.0054190000 0.0059920000
0.0132580000 -0.0675180000 -0.0066400000
0.0218030000 -0.0040220000 0.0059600000
-0.0223300000 -0.0020690000 -0.0069940000
-0.0534780000 -0.0373640000 -0.0063760000
0.0082680000 -0.0005390000 0.0074330000
-0.0342710000 -0.0527090000 0.0031050000
0.0163430000 0.0692770000 0.0026580000
0.0015850000 -0.0455880000 0.0032580000
-0.0013210000 -0.0046460000 -0.0061260000
0.0246160000 -0.0106190000 -0.0055130000
-0.0356760000 -0.0001400000 -0.0070550000
0.0189030000 0.0058620000 -0.0034470000
-0.0448280000 -0.0077640000 0.0059830000
-0.0511510000 -0.0445310000 0.0045470000
-0.0111030000 -0.0196840000 0.0052340000
-0.0101780000 -0.0363340000 -0.0064490000
-0.0515340000 -0.0244870000 -0.0067980000
0.0057890000 -0.0283620000 0.0041650000
0.0006340000 0.0145460000 0.0057810000
-0.0464200000 -0.0196800000 0.0032470000
0.0177550000 0.0383540000 -0.0062890000
-0.0219560000 -0.0383410000 -0.0048610000
0.0014090000 -0.0359600000 -0.0036930000
-0.0348530000 0.0010650000 0.0057250000
0.0048270000 -0.0145420000 -0.0036540000
0.0276690000 -0.0502940000 0.0054980000
-0.0107680000 0.0140850000 0.0049930000
0.0397910000 0.1170730000 -0.0008850000
0.0281960000 -0.0284750000 0.0057590000
