0.0302460000 -0.0450370000 0.0038710000
0.0373840000 0.1289390000 0.0012220000
0.0058140000 0.0430270000 -0.0021310000
-0.0541070000 -0.0227310000 -0.0024040000
-0.0046870000 -0.0078710000 -0.0053470000
0.0331500000 0.0817620000 -0.0006230000
-0.0097310000 -0.0560160000 -0.0068050000
0.0262850000 -0.0122710000 0.0054440000
-0.0407180000 -0.0522000000 0.0036100000
-0.0339640000 0.0015650000 0.0058030000
0.0121220000 0.0146400000 0.0071000000
0.0138750000 -0.0705180000 0.0053250000
0.0033960000 -0.0334120000 0.0058210000
-0.0224650000 -0.0331000000 -0.0011950000
0.0257610000 0.1061740000 0.0016430000
0.0267450000 0.0572550000 -0.0003600000
-0.0123990000 0.0139820000 0.0035060000
0.0144100000 -0.0004400000 -0.0064580000
0.0205400000 0.0293480000 -0.0038600000
0.0156240000 0.0732050000 0.0017720000
0.0282650000 -0.0281320000 -0.0055790000
-0.0215830000 -0.0128930000 0.0025510000
0.0012900000 0.0247180000 -0.0050690000
-0.0432440000 -0.0081920000 -0.0072680000
-0.0523270000 -0.0410960000 -0.0060850000
0.0228030000 -0.0588640000 -0.0057830000
-0.0070320000 -0.0256330000 -0.0065640000
-0.0035480000 -0.0666450000 0.0061520000
-0.0212850000 0.0023680000 -0.0067220000
0.0057660000 -0.0160010000 0.0061750000
0.0024430000 0.0008620000 0.0070910000
-0.0038880000 -0.0484550000 0.0069790000
-0.0246270000 -0.0487630000 0.0031250000
0.0187280000 0.0409460000 0.0071470000
0.0043060000 -0.0697020000 -0.0074390000
0.0109990000 0.0574820000 0.0018190000
0.0010650000 0.0088790000 -0.0065190000
0.0393430000 0.1135180000 -0.0005590000
0.0212250000 0.0913380000 0.0021940000
-0.0056770000 -0.0411050000 -0.0066880000
-0.0126240000 -0.0010500000 0.0059480000
0.0087230000 0.0294300000 0.0071320000
0.0362180000 0.0962780000 -0.0014400000
-0.0476450000 -0.0125670000 0.0059830000
0.0158630000 -0.0030250000 0.0071940000
0.0132970000 0.0178090000 -0.0063850000
-0.0534400000 -0.0338980000 0.0053970000
-0.0141420000 -0.0238640000 0.0047010000
0.0185670000 0.0425280000 -0.0062920000
-0.0347850000 -0.0415120000 -0.0014510000
-0.0307150000 -0.0063120000 -0.0041260000
0.0276260000 0.0701860000 -0.0019350000
-0.0002340000 0.0170010000 0.0050430000
-0.0223930000 0.0067620000 0.0058260000
0.0302170000 -0.0326470000 0.0058810000
0.0045600000 -0.0244310000 -0.0026340000
0.0223290000 -0.0098600000 -0.0058440000
-0.0095320000 -0.0126620000 0.0047800000
0.0070980000 -0.0096040000 -0.0039290000
0.0249640000 -0.0556500000 0.0055430000
-0.0138490000 -0.0157820000 -0.0060220000
-0.0080740000 -0.0339590000 0.0025230000
-0.0093640000 0.0032630000 -0.0055880000
0.0188210000 0.0087230000 -0.0005830000
-0.0503540000 -0.0453180000 0.0046920000
0.0096220000 0.0327670000 -0.0062710000
0.0157270000 -0.0682970000 -0.0059990000
-0.0005230000 -0.0571510000 0.0001540000
-0.0027670000 -0.0238650000 0.0060610000
0.0303220000 0.1199260000 0.0020110000
0.0183170000 0.0238910000 0.0056650000
0.0273910000 -0.0393100000 -0.0052820000
-0.0431880000 -0.0474490000 -0.0062230000
-0.0372600000 -0.0089020000 0.0044970000
0.0222390000 0.0811370000 -0.0018970000
-0.0170190000 -0.0408960000 0.0042110000
0.0253170000 -0.0231350000 0.0036710000
0.0025520000 -0.0426990000 0.0002300000
-0.0063090000 0.0170220000 -0.0049200000
-0.0052780000 -0.0656560000 -0.0046800000
0.0186220000 0.0638430000 -0.0020090000
0.0191190000 0.0507100000 0.0027450000
-0.0448650000 -0.0177620000 -0.0027980000
0.0277940000 -0.0497660000 -0.0051060000
-0.0445200000 -0.0380320000 0.0000620000
-0.0247240000 -0.0033490000 0.0057980000
-0.0250940000 -0.0423540000 -0.0049730000
0.0166820000 -0.0610590000 0.0022110000
-0.0109100000 -0.0477560000 -0.0007740000
-0.0326040000 -0.0514860000 -0.0026730000
