-0.0343110000 0.0020480000 -0.0019470000
0.0394100000 0.1284420000 0.0003490000
0.0158500000 -0.0695200000 0.0047090000
0.0253490000 0.0519350000 -0.0004550000
0.0254200000 -0.0094790000 0.0003220000
-0.0379850000 -0.0529880000 0.0019580000
0.0213660000 0.0922040000 0.0016680000
0.0000930000 0.0213030000 0.0047710000
-0.0029080000 -0.0363070000 -0.0058390000
-0.0539370000 -0.0247310000 -0.0058710000
0.0296350000 -0.0415840000 -0.0050970000
-0.0043460000 -0.0065160000 -0.0052060000
-0.0067850000 -0.0624930000 -0.0072240000
0.0201140000 0.0292910000 -0.0046570000
-0.0189160000 -0.0223170000 0.0022940000
0.0379930000 0.1064110000 -0.0013390000
0.0149650000 0.0710980000 0.0018050000
0.0131280000 0.0074640000 -0.0059880000
0.0065260000 0.0428580000 0.0052250000
-0.0155660000 0.0112920000 -0.0053180000
-0.0197970000 -0.0430380000 0.0046040000
0.0049110000 -0.0212280000 0.0061810000
-0.0469000000 -0.0107260000 0.0059770000
-0.0526880000 -0.0407410000 0.0049590000
0.0301710000 -0.0266060000 0.0059930000
-0.0025850000 -0.0503840000 0.0063370000
-0.0184370000 -0.0029200000 0.0062210000
0.0321900000 0.0774190000 -0.0004180000
0.0080370000 -0.0033170000 0.0075560000
0.0259010000 -0.0551660000 0.0054680000
-0.0005010000 -0.0689470000 0.0063070000
0.0160560000 0.0178150000 0.0060900000
-0.0044540000 0.0060760000 0.0047860000
0.0047240000 0.0319630000 -0.0058550000
0.0064170000 -0.0703710000 -0.0072040000
0.0149340000 0.0432440000 -0.0074100000
-0.0065320000 -0.0215100000 -0.0063630000
0.0111110000 0.0565210000 0.0006020000
-0.0110680000 -0.0485350000 -0.0060600000
0.0295690000 0.1178210000 0.0020020000
0.0206460000 0.0395940000 0.0054940000
0.0355330000 0.0922660000 -0.0004910000
-0.0424770000 -0.0083070000 -0.0072940000
0.0199370000 -0.0610730000 -0.0059730000
-0.0463430000 -0.0456840000 -0.0063710000
-0.0217660000 -0.0009640000 -0.0070440000
-0.0317500000 -0.0412880000 -0.0020620000
-0.0164710000 -0.0337780000 -0.0049660000
0.0006800000 0.0130550000 -0.0060910000
0.0000140000 -0.0339360000 0.0072310000
0.0266000000 0.0652960000 -0.0019730000
0.0091390000 -0.0055050000 -0.0056090000
0.0197740000 0.0023160000 0.0045110000
0.0102310000 0.0298920000 0.0061950000
-0.0097650000 -0.0130230000 0.0051070000
0.0266500000 -0.0213040000 -0.0057070000
-0.0285690000 -0.0095670000 0.0009190000
0.0253140000 0.1048420000 0.0019890000
0.0110530000 0.0205320000 -0.0069870000
-0.0159990000 -0.0120810000 -0.0057500000
-0.0242380000 0.0074550000 0.0029740000
0.0072970000 0.0089760000 0.0073920000
-0.0511760000 -0.0221330000 0.0056510000
0.0036370000 -0.0158400000 -0.0042200000
-0.0539480000 -0.0365750000 -0.0059810000
0.0210510000 0.0806670000 -0.0007270000
-0.0085240000 -0.0406820000 0.0033780000
-0.0078100000 -0.0602740000 0.0039490000
0.0294510000 -0.0379950000 0.0057000000
-0.0097870000 0.0159200000 0.0032340000
0.0035320000 -0.0273660000 -0.0032030000
-0.0375760000 -0.0046760000 0.0062950000
-0.0453630000 -0.0182930000 -0.0030060000
-0.0082910000 -0.0295210000 0.0011560000
0.0265010000 -0.0521720000 -0.0054300000
0.0197290000 -0.0020460000 -0.0055690000
-0.0028340000 -0.0046550000 0.0060870000
-0.0274320000 -0.0504800000 0.0021660000
-0.0077290000 0.0038080000 -0.0053570000
0.0027650000 -0.0425090000 0.0012170000
0.0260450000 -0.0317350000 -0.0025960000
-0.0479280000 -0.0315000000 0.0014270000
0.0399400000 0.1177750000 -0.0005640000
-0.0019320000 -0.0535720000 -0.0040700000
-0.0413810000 -0.0429330000 0.0025400000
0.0025640000 0.0026930000 -0.0070870000
0.0153410000 -0.0084570000 0.0023630000
-0.0145050000 0.0066290000 0.0057030000
0.0242890000 -0.0185020000 0.0047220000
0.0152090000 0.0475580000 0.0025940000
0.0016120000 -0.0632150000 -0.0016650000
-0.0282680000 -0.0010650000 0.0063090000
-0.0222550000 -0.0420320000 -0.0050080000
0.0197210000 0.0272000000 0.0050770000
0.0242370000 -0.0457900000 0.0020630000
-0.0196540000 -0.0124860000 0.0041090000
0.0005030000 0.0231340000 -0.0049250000
0.0054970000 0.0416490000 -0.0046240000
0.0201070000 0.0595470000 0.0028010000
-0.0383660000 -0.0124510000 0.0005250000
0.0287210000 0.0859890000 0.0027110000
0.0180440000 0.0152120000 -0.0030530000
-0.0161830000 -0.0340350000 0.0046420000
-0.0043690000 -0.0209920000 0.0037340000
0.0035000000 -0.0117170000 0.0076000000
0.0181240000 -0.0603970000 0.0034540000
0.0073100000 -0.0725260000 0.0019680000
0.0026520000 0.0343900000 0.0029320000
0.0153550000 -0.0691350000 -0.0045810000
-0.0373200000 -0.0477720000 -0.0057160000
-0.0487170000 -0.0486120000 0.0021410000
0.0218280000 0.0383560000 -0.0037460000
0.0247050000 0.0729370000 0.0028050000
-0.0244740000 -0.0359480000 0.0013730000
-0.0129720000 -0.0035500000 -0.0062940000
-0.0150880000 -0.0249180000 -0.0054200000
0.0279690000 0.0971790000 -0.0017710000
0.0131840000 0.0343950000 -0.0074050000
-0.0340010000 -0.0062400000 -0.0052030000
-0.0066010000 0.0175950000 -0.0047270000
-0.0029790000 -0.0449600000 -0.0054610000
-0.0270670000 0.0056680000 -0.0050150000
-0.0098200000 -0.0519470000 0.0017590000
0.0074320000 0.0175960000 0.0073780000
-0.0106370000 -0.0398970000 -0.0064670000
-0.0438180000 -0.0050730000 0.0004520000
-0.0102250000 -0.0006310000 0.0056940000
-0.0061840000 -0.0140590000 -0.0022820000
