0.0382760000 0.1194680000 0.0007170000
0.0048480000 -0.0723870000 0.0019190000
-0.0000300000 0.0272700000 -0.0018300000
-0.0546360000 -0.0254470000 -0.0023490000
0.0297740000 -0.0210370000 0.0046440000
0.0299360000 0.0689070000 -0.0006340000
-0.0123200000 -0.0146840000 -0.0058190000
-0.0254640000 -0.0492640000 0.0034280000
0.0272470000 -0.0510710000 -0.0052500000
-0.0375180000 -0.0008500000 0.0059310000
0.0023960000 -0.0381180000 0.0056190000
0.0130740000 0.0009500000 -0.0065420000
0.0225720000 0.0960640000 0.0019560000
0.0225050000 0.0426390000 -0.0005970000
-0.0179420000 0.0099730000 -0.0054960000
-0.0489880000 -0.0484550000 -0.0000730000
-0.0062760000 -0.0547670000 -0.0075130000
0.0065800000 -0.0165950000 0.0050270000
0.0181870000 0.0184080000 0.0045720000
0.0118170000 0.0598700000 0.0019920000
