0.0103520000 -0.0563530000 0.0010810000
-0.0047620000 0.0625150000 0.0000670000
-0.0076710000 0.0016910000 -0.0051030000
0.0066600000 0.0309880000 0.0032650000
-0.0037500000 -0.0278780000 0.0076290000
0.0087520000 -0.0130700000 -0.0032120000
-0.0033560000 -0.0424150000 -0.0087720000
-0.0075910000 0.0429360000 -0.0054550000
0.0082360000 0.0109020000 0.0028990000
-0.0083840000 0.0210610000 -0.0039590000
-0.0080670000 -0.0569750000 0.0015020000
0.0066530000 0.0490340000 0.0038130000
0.0090250000 -0.0390210000 0.0030800000
-0.0018270000 -0.0251800000 -0.0093160000
-0.0051480000 -0.0106640000 0.0066040000
-0.0052390000 -0.0428670000 0.0061540000
-0.0059350000 0.0107690000 0.0060890000
0.0008620000 -0.0561650000 -0.0097570000
0.0017380000 0.0533960000 -0.0089910000
0.0063590000 0.0004600000 -0.0066280000
-0.0071640000 0.0325460000 0.0039360000
-0.0041200000 -0.0114660000 -0.0082830000
0.0052900000 0.0209780000 -0.0062920000
-0.0069470000 0.0503590000 0.0062800000
0.0053340000 -0.0018870000 0.0068850000
0.0087580000 -0.0252410000 0.0028770000
0.0052960000 0.0404690000 -0.0061230000
-0.0010310000 0.0222010000 0.0079710000
-0.0032050000 0.0316040000 -0.0082130000
0.0012080000 -0.0532040000 0.0088390000
-0.0084130000 -0.0331990000 -0.0024910000
0.0079510000 -0.0467790000 -0.0063310000
-0.0086980000 -0.0198840000 -0.0006840000
-0.0019420000 0.0115870000 -0.0093330000
0.0057340000 -0.0344920000 -0.0077500000
0.0005610000 0.0401150000 0.0077510000
0.0050360000 -0.0154740000 0.0070620000
-0.0089100000 0.0538970000 -0.0054170000
-0.0063520000 -0.0000590000 0.0054780000
0.0010370000 0.0569200000 0.0077080000
0.0077950000 0.0569220000 -0.0020170000
0.0071660000 -0.0222930000 -0.0063970000
-0.0081450000 -0.0478510000 -0.0021360000
0.0013500000 -0.0519480000 -0.0009030000
0.0014060000 -0.0360740000 0.0085000000
0.0074430000 0.0204850000 0.0030850000
-0.0086400000 -0.0069130000 -0.0014500000
0.0082980000 -0.0481240000 0.0051160000
-0.0086110000 0.0112580000 -0.0027880000
0.0056500000 0.0302290000 -0.0058390000
-0.0080640000 0.0416260000 0.0038280000
0.0063550000 0.0098750000 -0.0060340000
0.0018710000 0.0065090000 0.0078760000
-0.0014240000 -0.0030710000 -0.0092250000
-0.0030770000 -0.0191360000 0.0077170000
-0.0027520000 -0.0337230000 -0.0089700000
0.0070350000 0.0404730000 0.0022410000
0.0088910000 -0.0050590000 -0.0006740000
-0.0077810000 0.0188930000 0.0040480000
0.0030750000 -0.0155080000 -0.0088640000
0.0026690000 0.0148280000 0.0076130000
-0.0005790000 0.0454410000 -0.0090950000
0.0067500000 0.0484300000 -0.0044140000
-0.0021700000 0.0233660000 -0.0088480000
-0.0002600000 0.0303790000 0.0077990000
-0.0063580000 -0.0548440000 -0.0062040000
0.0084580000 0.0031180000 0.0007070000
0.0081680000 -0.0549490000 -0.0066020000
0.0049600000 -0.0077270000 -0.0079390000
-0.0065720000 -0.0349370000 0.0051900000
0.0022970000 -0.0440970000 0.0085090000
-0.0087320000 0.0289700000 -0.0030800000
0.0095020000 -0.0322100000 -0.0010050000
-0.0057850000 -0.0507770000 0.0058720000
-0.0098260000 0.0564770000 0.0021910000
0.0030350000 -0.0239410000 0.0080560000
0.0009850000 0.0599680000 -0.0045110000
0.0002740000 0.0478640000 0.0080890000
0.0012280000 -0.0485400000 -0.0096220000
-0.0099740000 0.0481310000 -0.0004560000
