0.0043920000 0.0144100000 0.0065530000
-0.0045140000 -0.0581620000 -0.0067440000
-0.0034800000 0.0624040000 -0.0037230000
0.0074050000 -0.0216840000 -0.0061090000
-0.0048480000 0.0356960000 -0.0071160000
-0.0029310000 -0.0387410000 0.0079000000
-0.0087570000 -0.0042000000 -0.0014920000
0.0025960000 0.0470490000 0.0074720000
0.0072710000 -0.0436690000 -0.0069730000
0.0059940000 -0.0544390000 0.0074730000
-0.0073290000 -0.0216340000 0.0042860000
0.0087320000 -0.0053580000 0.0015500000
-0.0025440000 0.0105890000 -0.0092250000
0.0057020000 0.0308690000 0.0047580000
-0.0053150000 -0.0330630000 -0.0074490000
-0.0089860000 0.0218950000 0.0008450000
0.0033590000 0.0489810000 -0.0080340000
-0.0099370000 0.0489720000 -0.0007370000
0.0036180000 0.0238090000 -0.0078460000
0.0090600000 -0.0329960000 0.0025490000
-0.0079400000 0.0084660000 0.0039060000
-0.0049160000 -0.0157330000 -0.0079380000
-0.0080180000 -0.0455800000 -0.0027350000
0.0054300000 -0.0175380000 0.0067660000
0.0088350000 -0.0569270000 -0.0055930000
0.0017590000 -0.0018020000 -0.0090090000
-0.0056830000 0.0371260000 0.0057340000
0.0076370000 0.0568430000 0.0010570000
-0.0012230000 -0.0013160000 0.0080890000
-0.0062970000 -0.0550660000 0.0053090000
0.0082640000 0.0064580000 -0.0023480000
-0.0051730000 0.0567420000 0.0076780000
0.0062230000 0.0385330000 -0.0039960000
0.0008350000 -0.0281780000 0.0084290000
0.0087310000 -0.0440550000 0.0041310000
0.0056610000 -0.0326710000 -0.0079700000
-0.0038780000 -0.0118350000 0.0074260000
-0.0011960000 0.0233330000 0.0079500000
0.0059810000 -0.0113140000 -0.0073090000
-0.0078690000 -0.0317350000 0.0023930000
-0.0010990000 -0.0489190000 -0.0094230000
-0.0055090000 0.0537770000 -0.0085150000
0.0082150000 0.0165550000 -0.0024230000
0.0008580000 -0.0519850000 -0.0004000000
-0.0057770000 0.0259400000 -0.0072910000
-0.0013290000 -0.0244230000 -0.0093000000
-0.0008730000 -0.0479410000 0.0085030000
-0.0079490000 0.0046780000 -0.0046640000
0.0050620000 0.0051370000 0.0062330000
-0.0089630000 0.0311280000 -0.0003970000
0.0075580000 0.0470820000 -0.0001640000
-0.0052000000 0.0447310000 -0.0078650000
-0.0086690000 -0.0134210000 -0.0001770000
-0.0084580000 0.0141230000 -0.0034310000
-0.0002990000 -0.0399670000 -0.0095460000
-0.0060830000 0.0458380000 0.0066690000
-0.0079700000 -0.0252830000 -0.0035680000
0.0087820000 -0.0243320000 0.0022600000
0.0057310000 0.0395120000 0.0045540000
0.0067300000 0.0223080000 0.0038150000
-0.0041010000 0.0153540000 0.0072950000
0.0005240000 0.0616310000 0.0037350000
-0.0089990000 0.0405820000 -0.0012990000
0.0091540000 -0.0147960000 -0.0003250000
