0.0024410000 0.0387560000 -0.0076210000
-0.0006930000 -0.0581790000 0.0075170000
-0.0057690000 -0.0106050000 -0.0071530000
0.0023910000 0.0135410000 0.0077060000
0.0090420000 -0.0343110000 -0.0037920000
-0.0039150000 0.0623130000 0.0028230000
-0.0034830000 -0.0237960000 0.0076590000
-0.0073300000 -0.0445980000 -0.0045950000
-0.0050330000 0.0213720000 -0.0078520000
0.0048400000 -0.0050240000 0.0072250000
0.0042790000 0.0047650000 -0.0082900000
-0.0031370000 0.0306530000 0.0073960000
0.0048500000 -0.0564220000 -0.0089930000
0.0024040000 0.0469820000 0.0075250000
0.0087940000 -0.0175980000 -0.0031530000
-0.0087890000 0.0031620000 0.0015250000
0.0018520000 -0.0420810000 0.0085460000
-0.0042500000 -0.0265300000 -0.0082200000
-0.0094750000 0.0485180000 -0.0030850000
0.0059370000 0.0539860000 -0.0061090000
0.0078860000 0.0246100000 -0.0008540000
0.0098650000 -0.0510530000 0.0023640000
-0.0074130000 -0.0577060000 -0.0039420000
-0.0061660000 -0.0113440000 0.0056570000
-0.0074970000 -0.0350190000 0.0036250000
-0.0078850000 0.0195630000 0.0040960000
-0.0084330000 0.0360000000 -0.0023470000
0.0041020000 -0.0442700000 -0.0089550000
0.0077330000 -0.0263870000 0.0048620000
0.0058140000 -0.0068810000 -0.0071020000
0.0058830000 0.0368000000 0.0032160000
0.0079940000 0.0048570000 0.0024580000
-0.0057120000 0.0100490000 -0.0071810000
0.0049410000 0.0159090000 -0.0072790000
-0.0044440000 0.0566580000 -0.0087750000
0.0046560000 -0.0160550000 0.0072940000
-0.0060990000 -0.0489150000 0.0054850000
0.0061330000 0.0567140000 0.0044190000
-0.0086250000 -0.0194860000 -0.0011110000
-0.0068560000 0.0526240000 0.0068070000
