0.0055910000 0.0296620000 0.0050740000
-0.0045140000 -0.0581620000 -0.0067440000
-0.0038950000 -0.0148610000 0.0074570000
-0.0054170000 0.0623480000 -0.0017320000
-0.0027320000 0.0073480000 -0.0088760000
0.0086480000 -0.0349450000 -0.0049080000
-0.0051330000 0.0422980000 -0.0076340000
-0.0020770000 -0.0453020000 0.0081440000
0.0056540000 -0.0094350000 -0.0076440000
0.0043410000 0.0019580000 0.0072960000
0.0051940000 0.0494140000 0.0057270000
-0.0085890000 -0.0305030000 -0.0006870000
-0.0080220000 0.0237240000 -0.0046050000
0.0100030000 -0.0564670000 0.0025740000
0.0081350000 0.0152380000 -0.0007870000
0.0089610000 -0.0211090000 0.0018000000
-0.0050460000 0.0140320000 0.0068140000
-0.0039060000 -0.0429860000 -0.0081310000
-0.0083080000 -0.0053050000 -0.0031560000
-0.0000890000 -0.0227100000 -0.0093780000
-0.0050890000 0.0392620000 0.0064910000
0.0038680000 0.0534520000 -0.0079700000
0.0023670000 -0.0318280000 0.0082970000
0.0026240000 0.0311950000 -0.0079670000
-0.0098370000 0.0504530000 0.0015550000
-0.0039700000 -0.0580990000 0.0063390000
0.0079070000 -0.0476590000 -0.0064120000
0.0077550000 0.0026690000 -0.0045640000
0.0066990000 0.0420110000 -0.0039040000
0.0073570000 -0.0093930000 0.0044220000
-0.0058280000 0.0275710000 0.0061940000
-0.0083730000 -0.0175750000 -0.0029420000
0.0084110000 -0.0414790000 0.0046990000
-0.0069720000 0.0027680000 0.0048980000
-0.0031720000 0.0567250000 0.0085060000
0.0008280000 0.0181510000 -0.0088950000
-0.0082860000 -0.0498960000 -0.0000770000
-0.0065800000 0.0538690000 -0.0077960000
0.0059790000 -0.0579000000 -0.0072260000
-0.0078830000 0.0339560000 -0.0021160000
-0.0086140000 0.0134580000 -0.0029320000
-0.0023770000 -0.0328050000 -0.0090990000
0.0034660000 0.0197790000 0.0070010000
-0.0048570000 -0.0249380000 0.0067680000
0.0014250000 -0.0519830000 -0.0002540000
0.0047780000 0.0394810000 0.0055540000
0.0030470000 0.0578350000 0.0007900000
-0.0009290000 -0.0023110000 -0.0092010000
-0.0079160000 -0.0398920000 0.0021150000
-0.0021900000 -0.0051910000 0.0079250000
