-0.0078970000 0.0513640000 0.0053090000
0.0043110000 -0.0580830000 -0.0077740000
0.0075870000 -0.0029830000 0.0044470000
-0.0085780000 -0.0297800000 -0.0012430000
-0.0023920000 0.0237630000 -0.0088040000
0.0082970000 -0.0413770000 0.0049430000
0.0073980000 0.0393680000 -0.0003700000
-0.0079790000 0.0094550000 0.0038630000
0.0078280000 -0.0198480000 -0.0056020000
-0.0085370000 -0.0106210000 -0.0023020000
0.0041550000 0.0563320000 -0.0079960000
-0.0080850000 -0.0483770000 0.0013020000
-0.0003540000 0.0265880000 0.0079380000
0.0080960000 0.0135470000 -0.0002120000
-0.0004630000 0.0023610000 -0.0091850000
0.0037610000 -0.0569560000 0.0084870000
0.0009110000 -0.0400810000 -0.0095610000
-0.0084600000 0.0376670000 -0.0032380000
-0.0003220000 -0.0196280000 0.0083100000
0.0053790000 0.0559000000 0.0059940000
-0.0055180000 0.0623400000 -0.0014470000
-0.0004360000 -0.0325220000 0.0084330000
-0.0067940000 0.0497490000 -0.0072980000
-0.0023890000 0.0399860000 0.0077050000
0.0077360000 0.0266990000 -0.0017660000
-0.0048760000 -0.0024480000 0.0065760000
0.0089730000 -0.0323040000 -0.0038860000
0.0017560000 -0.0097160000 -0.0090760000
-0.0041430000 -0.0207020000 -0.0082160000
-0.0089310000 0.0213300000 0.0011560000
0.0088550000 -0.0475310000 -0.0050400000
-0.0057460000 0.0126490000 -0.0073170000
