0.0069630000 0.0493400000 0.0030150000
-0.0071430000 -0.0582520000 -0.0024490000
-0.0022360000 -0.0036910000 -0.0091250000
0.0068780000 -0.0305610000 0.0060850000
-0.0066070000 0.0224170000 0.0055100000
-0.0030010000 -0.0395340000 -0.0090930000
0.0063930000 0.0073100000 0.0050570000
-0.0043750000 0.0370800000 -0.0076970000
-0.0085810000 -0.0208500000 -0.0015540000
0.0099130000 -0.0495230000 0.0018470000
-0.0097960000 0.0559430000 -0.0046550000
0.0056970000 -0.0114310000 0.0062660000
-0.0016850000 0.0139650000 -0.0092120000
0.0075710000 0.0263810000 -0.0026250000
-0.0043240000 -0.0429650000 0.0070070000
0.0065660000 -0.0209740000 -0.0068790000
-0.0063030000 -0.0015780000 0.0056390000
-0.0005270000 0.0365260000 0.0073360000
0.0003570000 0.0622420000 0.0034920000
0.0051610000 -0.0572270000 -0.0087030000
0.0009210000 -0.0574500000 0.0087460000
0.0034800000 0.0560860000 -0.0084340000
-0.0062320000 0.0490040000 0.0067750000
0.0089760000 -0.0381330000 -0.0043390000
-0.0088750000 0.0104530000 0.0009450000
0.0084060000 -0.0025750000 -0.0024700000
-0.0056490000 -0.0304560000 0.0058510000
-0.0066020000 0.0250220000 -0.0065680000
0.0067840000 0.0386290000 -0.0028690000
0.0047230000 0.0189420000 0.0063150000
-0.0026830000 -0.0278430000 -0.0088170000
-0.0022250000 -0.0196730000 0.0079780000
-0.0086200000 -0.0095500000 -0.0020760000
-0.0080340000 -0.0471020000 -0.0026750000
0.0077310000 0.0144020000 -0.0033800000
-0.0020140000 -0.0145750000 -0.0091360000
-0.0037690000 0.0478580000 -0.0087870000
-0.0084320000 0.0323300000 0.0013920000
0.0040700000 0.0051440000 -0.0082980000
0.0061110000 -0.0410700000 0.0068020000
0.0046480000 -0.0467330000 -0.0087960000
-0.0093290000 0.0431310000 -0.0010300000
0.0084670000 -0.0208380000 0.0034190000
0.0003750000 -0.0519940000 0.0000970000
-0.0084460000 -0.0373580000 -0.0007490000
-0.0019680000 0.0118590000 0.0079050000
-0.0059830000 0.0052190000 -0.0071240000
0.0033100000 -0.0019250000 0.0076130000
0.0087990000 -0.0123800000 -0.0028610000
0.0044490000 0.0284880000 0.0061990000
-0.0030820000 -0.0524030000 -0.0088300000
-0.0035390000 -0.0103830000 0.0075240000
0.0053530000 0.0471750000 -0.0063730000
0.0012290000 0.0296500000 -0.0086510000
0.0012430000 0.0543870000 0.0083510000
0.0090410000 -0.0289890000 -0.0031110000
-0.0027010000 0.0614500000 -0.0048860000
0.0093280000 -0.0579780000 -0.0007810000
0.0021030000 -0.0487790000 0.0086450000
0.0080930000 0.0569960000 -0.0010400000
0.0032960000 0.0210590000 -0.0080680000
-0.0063540000 -0.0539860000 0.0052300000
-0.0077910000 0.0569930000 0.0038310000
0.0013430000 0.0449290000 0.0077270000
0.0034390000 -0.0337150000 -0.0090160000
-0.0090520000 0.0184790000 -0.0016940000
-0.0084580000 -0.0291990000 -0.0026480000
-0.0086890000 -0.0009390000 -0.0022940000
0.0005170000 -0.0352980000 0.0085210000
0.0038710000 -0.0090200000 -0.0084290000
-0.0032510000 0.0291740000 0.0075220000
-0.0064680000 0.0412970000 0.0058950000
-0.0015140000 0.0041680000 0.0080160000
0.0005840000 -0.0268550000 0.0084340000
0.0083420000 0.0055870000 -0.0020270000
0.0077630000 -0.0553890000 0.0061320000
0.0057780000 0.0396410000 0.0045210000
-0.0075470000 -0.0150630000 0.0031380000
-0.0039690000 0.0553480000 -0.0093370000
-0.0100600000 0.0505750000 0.0005290000
0.0089540000 -0.0517580000 -0.0053430000
0.0020350000 0.0407890000 -0.0080610000
0.0069990000 0.0325870000 0.0009470000
-0.0049470000 -0.0209080000 -0.0077000000
0.0088460000 -0.0363440000 0.0024120000
0.0094780000 -0.0450410000 -0.0035190000
-0.0073790000 0.0122690000 -0.0055900000
-0.0071880000 -0.0237750000 0.0045550000
-0.0091200000 0.0256800000 -0.0001890000
0.0077250000 -0.0053970000 0.0036500000
0.0042440000 -0.0019830000 -0.0081470000
-0.0076200000 0.0050090000 0.0048750000
-0.0003520000 0.0230470000 0.0079740000
-0.0056480000 -0.0336420000 -0.0071470000
0.0076710000 0.0202650000 0.0001330000
-0.0072490000 0.0157870000 0.0046720000
0.0039770000 -0.0270380000 -0.0087330000
-0.0074080000 0.0315260000 -0.0051660000
0.0078930000 0.0011900000 0.0030830000
0.0073900000 0.0137520000 0.0032390000
