-0.0062380000 0.0471910000 -0.0074960000
0.0051570000 -0.0580330000 0.0067740000
0.0083870000 -0.0040550000 0.0025540000
-0.0071150000 -0.0309810000 -0.0054210000
-0.0074810000 0.0205280000 0.0047920000
0.0067560000 0.0324140000 -0.0030690000
0.0022800000 0.0561630000 0.0082500000
0.0084720000 -0.0384480000 0.0045850000
-0.0024730000 0.0075280000 -0.0090290000
-0.0002440000 -0.0487890000 -0.0095680000
-0.0080910000 -0.0117590000 -0.0039550000
0.0027170000 -0.0210530000 0.0080560000
0.0073210000 0.0126360000 0.0036080000
-0.0039510000 0.0398370000 0.0072010000
-0.0061170000 -0.0459760000 0.0054900000
-0.0058510000 0.0030810000 0.0063610000
0.0049260000 -0.0204150000 -0.0081110000
-0.0036510000 0.0618820000 -0.0045140000
-0.0022850000 0.0223290000 -0.0088340000
0.0074270000 0.0470910000 -0.0021070000
-0.0074300000 -0.0582310000 -0.0016040000
0.0053060000 -0.0356830000 -0.0082900000
-0.0037470000 -0.0328410000 0.0075390000
-0.0067100000 0.0341890000 -0.0046730000
0.0020250000 -0.0049820000 -0.0090160000
0.0100920000 -0.0495920000 -0.0017870000
-0.0093630000 0.0533960000 0.0034370000
-0.0027460000 -0.0093580000 0.0077770000
0.0042900000 0.0245930000 0.0064140000
-0.0079520000 -0.0218390000 0.0026540000
0.0094000000 -0.0273210000 0.0003660000
0.0074780000 0.0046590000 -0.0043970000
0.0090890000 -0.0151850000 0.0010270000
-0.0081270000 -0.0006700000 -0.0040950000
-0.0090840000 0.0110470000 -0.0006760000
0.0053680000 -0.0579910000 -0.0071950000
0.0072050000 0.0213310000 -0.0035510000
0.0022820000 0.0539350000 -0.0088240000
-0.0069990000 -0.0419490000 -0.0046550000
0.0040830000 -0.0474390000 0.0081170000
0.0017570000 0.0402590000 -0.0080970000
-0.0053090000 -0.0210260000 -0.0074430000
-0.0019900000 0.0124740000 0.0079010000
0.0058220000 0.0392920000 0.0044230000
0.0078220000 0.0570610000 -0.0002060000
-0.0071710000 0.0305930000 0.0047370000
0.0041280000 0.0036990000 0.0074210000
0.0004360000 -0.0519860000 -0.0000720000
-0.0042110000 -0.0560720000 0.0072040000
-0.0094190000 0.0442660000 0.0008650000
0.0048500000 0.0131640000 -0.0072720000
0.0018540000 0.0469150000 0.0077260000
-0.0087030000 0.0254110000 -0.0030760000
0.0049100000 -0.0302650000 0.0075930000
0.0003880000 -0.0281390000 -0.0094400000
-0.0006990000 -0.0135200000 -0.0092690000
-0.0093050000 0.0551730000 -0.0051880000
0.0002890000 0.0307350000 -0.0086970000
0.0009020000 0.0326830000 0.0070610000
-0.0030370000 -0.0569010000 -0.0088560000
0.0067210000 -0.0441050000 -0.0074830000
-0.0018330000 0.0621590000 0.0038280000
-0.0072070000 -0.0504200000 -0.0048650000
0.0068450000 -0.0113420000 -0.0062570000
0.0010820000 -0.0396500000 0.0085640000
-0.0080500000 -0.0050480000 0.0029950000
0.0099320000 -0.0577440000 -0.0000890000
-0.0081330000 -0.0364050000 0.0014710000
-0.0058690000 0.0150260000 -0.0072450000
0.0052660000 -0.0106680000 0.0067340000
-0.0027060000 -0.0367010000 -0.0090840000
-0.0039850000 -0.0170610000 0.0074220000
-0.0057890000 0.0473500000 0.0069410000
0.0023710000 -0.0036860000 0.0079070000
0.0094970000 -0.0348550000 -0.0019430000
-0.0035660000 -0.0253080000 0.0076680000
0.0072090000 -0.0284170000 -0.0066090000
0.0076910000 -0.0032110000 -0.0047080000
0.0070610000 0.0397930000 -0.0027770000
0.0065110000 0.0511320000 0.0039770000
-0.0009660000 0.0197120000 0.0079830000
-0.0080180000 -0.0291390000 0.0020740000
-0.0050450000 -0.0063940000 -0.0078060000
0.0086940000 -0.0520280000 0.0048700000
-0.0078550000 -0.0521770000 0.0023600000
0.0024030000 0.0021990000 -0.0087890000
-0.0075450000 -0.0125180000 0.0032390000
-0.0048440000 0.0562930000 0.0081770000
-0.0084140000 0.0371340000 0.0015870000
0.0097960000 -0.0425030000 -0.0012490000
