-0.0037970000 -0.0090770000 0.0074540000
-0.0007330000 0.0624750000 -0.0042760000
0.0042800000 -0.0579440000 -0.0084750000
0.0041030000 0.0249330000 -0.0075240000
0.0075150000 -0.0304140000 -0.0062990000
-0.0062430000 0.0416120000 0.0062220000
-0.0045790000 -0.0441020000 0.0068980000
0.0044630000 0.0033280000 -0.0081070000
-0.0061700000 0.0136480000 0.0062090000
-0.0076530000 -0.0263830000 0.0030670000
-0.0002360000 -0.0144680000 -0.0093340000
0.0051840000 0.0459390000 -0.0066070000
0.0047400000 -0.0575220000 0.0079140000
-0.0022430000 -0.0431610000 -0.0089740000
0.0010500000 0.0275980000 0.0077480000
0.0099090000 -0.0444780000 0.0008730000
0.0083150000 -0.0182710000 0.0035930000
0.0039060000 0.0531050000 0.0069470000
-0.0082780000 -0.0570250000 -0.0000720000
0.0047250000 0.0032430000 0.0068060000
-0.0087370000 0.0012490000 -0.0018280000
-0.0087190000 0.0303880000 -0.0029490000
0.0044920000 -0.0328530000 0.0077710000
-0.0087150000 0.0501900000 -0.0051660000
-0.0049370000 0.0139240000 -0.0078640000
0.0074180000 0.0161790000 0.0027160000
0.0060710000 0.0388170000 0.0041100000
0.0088650000 -0.0063320000 -0.0008570000
-0.0083600000 0.0562930000 0.0058490000
-0.0046140000 -0.0311030000 -0.0078870000
-0.0085930000 -0.0155180000 -0.0012400000
-0.0044550000 0.0398480000 -0.0078450000
0.0077750000 0.0558740000 -0.0028940000
-0.0085250000 -0.0387640000 -0.0015180000
-0.0013190000 -0.0194690000 0.0081870000
-0.0030230000 -0.0042600000 -0.0087950000
0.0011380000 -0.0519950000 -0.0003240000
0.0047340000 0.0352070000 -0.0057310000
0.0053090000 0.0139750000 -0.0071030000
0.0104540000 -0.0561770000 -0.0004970000
-0.0090470000 0.0201860000 -0.0010490000
-0.0002950000 0.0538990000 -0.0094320000
0.0072610000 -0.0204160000 -0.0061700000
0.0064430000 -0.0480250000 -0.0078070000
-0.0047650000 0.0010320000 0.0070540000
0.0076920000 0.0286090000 0.0008030000
-0.0043120000 -0.0535000000 -0.0081500000
0.0042480000 -0.0478170000 0.0080680000
-0.0038370000 -0.0536660000 0.0074650000
-0.0048020000 -0.0345730000 0.0065890000
-0.0056430000 -0.0218220000 -0.0073900000
0.0094340000 -0.0273420000 0.0022330000
0.0083060000 0.0075910000 -0.0008770000
-0.0082470000 -0.0479630000 -0.0015060000
0.0052190000 -0.0102390000 0.0066570000
0.0083400000 -0.0393790000 -0.0065650000
-0.0059160000 0.0326160000 0.0052880000
-0.0047610000 0.0240390000 -0.0079160000
-0.0042000000 0.0050680000 -0.0083110000
0.0007320000 0.0188030000 0.0079320000
-0.0006180000 0.0599360000 0.0040190000
0.0072980000 0.0470430000 0.0017350000
-0.0086910000 -0.0070300000 0.0004290000
-0.0091250000 0.0102610000 -0.0013400000
0.0092850000 -0.0359050000 0.0011440000
-0.0037330000 0.0495270000 0.0079690000
0.0047200000 -0.0076870000 -0.0081080000
-0.0060070000 0.0234210000 0.0060220000
-0.0092500000 0.0426450000 -0.0016140000
0.0014790000 -0.0255580000 -0.0093380000
-0.0023610000 0.0319020000 -0.0083210000
0.0012490000 0.0105980000 0.0079290000
0.0016130000 -0.0359880000 -0.0094420000
-0.0013810000 -0.0274630000 0.0082290000
-0.0057570000 0.0568320000 -0.0017640000
0.0020290000 -0.0402540000 0.0085000000
-0.0094680000 0.0493460000 0.0025510000
0.0022920000 0.0447890000 0.0072470000
0.0015540000 -0.0036770000 0.0080440000
0.0087480000 -0.0138420000 -0.0026120000
-0.0064920000 -0.0104850000 -0.0064540000
-0.0018040000 0.0466250000 -0.0091370000
-0.0003650000 0.0370710000 0.0072720000
0.0051280000 -0.0239640000 0.0071800000
0.0077500000 0.0218640000 -0.0019430000
0.0002890000 0.0189300000 -0.0089880000
0.0059630000 0.0228690000 0.0049670000
-0.0084590000 -0.0314670000 -0.0018640000
0.0083450000 0.0007860000 0.0012390000
0.0091600000 -0.0508770000 0.0039740000
-0.0072630000 -0.0194680000 0.0043990000
-0.0073140000 0.0069970000 0.0045750000
0.0071780000 0.0407520000 -0.0024450000
-0.0065940000 0.0560410000 -0.0083720000
0.0003250000 0.0099440000 -0.0090750000
-0.0085260000 0.0362140000 0.0003330000
-0.0018690000 0.0557880000 0.0090180000
-0.0053710000 -0.0376290000 -0.0072740000
0.0045950000 0.0325310000 0.0052870000
0.0071270000 -0.0020850000 -0.0055510000
0.0003020000 -0.0491480000 -0.0096270000
0.0099430000 -0.0500930000 -0.0027320000
0.0019620000 0.0405070000 -0.0080580000
-0.0087250000 -0.0220200000 -0.0014950000
0.0079470000 -0.0404990000 0.0054870000
0.0069090000 -0.0045100000 0.0048010000
0.0016930000 0.0567350000 -0.0041410000
-0.0068850000 -0.0492530000 0.0043830000
0.0063830000 0.0101150000 0.0045470000
-0.0026710000 -0.0570490000 0.0024710000
0.0050480000 0.0520580000 -0.0070600000
0.0003290000 -0.0135340000 0.0082780000
-0.0089410000 0.0259980000 0.0012900000
-0.0049400000 0.0624330000 0.0005220000
-0.0076350000 -0.0039630000 -0.0048360000
0.0038090000 -0.0425640000 -0.0090730000
-0.0068240000 -0.0131800000 0.0042310000
-0.0069090000 -0.0433250000 -0.0050820000
0.0039490000 0.0565170000 0.0016620000
0.0056900000 -0.0137920000 -0.0077360000
0.0067870000 0.0346980000 -0.0001460000
0.0052920000 -0.0540740000 -0.0040640000
0.0091920000 -0.0221850000 -0.0008470000
0.0016790000 -0.0525140000 0.0055510000
-0.0065440000 -0.0043580000 0.0053050000
0.0022810000 -0.0197640000 -0.0091370000
0.0064810000 0.0297390000 -0.0048380000
-0.0008160000 0.0051800000 0.0080900000
