-0.0071860000 0.0497580000 0.0060300000
0.0043110000 -0.0580830000 -0.0077740000
0.0053300000 -0.0044240000 0.0068350000
-0.0006500000 0.0224990000 -0.0089760000
-0.0085620000 -0.0308660000 -0.0008640000
0.0090310000 -0.0412900000 0.0038670000
0.0072030000 -0.0195790000 -0.0062720000
-0.0085310000 0.0051190000 -0.0037310000
0.0068090000 0.0399370000 -0.0037530000
0.0007970000 0.0569090000 -0.0094610000
0.0031800000 0.0144310000 0.0074250000
-0.0076740000 -0.0489790000 0.0028510000
-0.0049900000 0.0307810000 0.0066010000
-0.0086750000 -0.0127270000 -0.0013010000
-0.0001750000 -0.0418560000 -0.0095230000
0.0008160000 -0.0215530000 0.0083580000
