0.0074230000 -0.0341510000 0.0054610000
-0.0051070000 0.0624250000 -0.0016790000
-0.0055940000 0.0125730000 -0.0074120000
-0.0053940000 -0.0578630000 -0.0067640000
0.0039920000 0.0362280000 0.0056520000
-0.0086180000 -0.0136760000 -0.0018330000
0.0075980000 -0.0002890000 0.0041360000
0.0074620000 -0.0530850000 0.0063080000
-0.0056520000 -0.0390470000 -0.0071640000
-0.0033430000 0.0453500000 -0.0087500000
0.0041030000 0.0180380000 0.0070860000
0.0088140000 -0.0184100000 -0.0034840000
-0.0081640000 0.0293650000 -0.0044550000
0.0075190000 0.0521370000 0.0020360000
-0.0072640000 -0.0281640000 0.0041900000
-0.0080390000 0.0012440000 0.0032910000
-0.0069430000 0.0479400000 0.0062540000
0.0001060000 -0.0031420000 -0.0092410000
0.0062650000 -0.0483090000 -0.0079500000
-0.0042090000 -0.0435990000 0.0070940000
0.0064160000 0.0262580000 -0.0051940000
0.0019020000 -0.0130390000 0.0081140000
-0.0025460000 -0.0251620000 -0.0090110000
0.0074840000 0.0109170000 -0.0040630000
-0.0050580000 -0.0573580000 0.0064660000
0.0064800000 -0.0346460000 -0.0073440000
-0.0083440000 0.0192520000 0.0034680000
0.0027850000 0.0561190000 -0.0086580000
0.0066600000 0.0420910000 -0.0039650000
-0.0072420000 0.0367720000 0.0041740000
0.0002290000 0.0074410000 0.0080850000
0.0027170000 -0.0242780000 0.0081180000
0.0001990000 -0.0143080000 -0.0093250000
-0.0004460000 0.0567280000 0.0082800000
-0.0021290000 0.0273240000 0.0078090000
-0.0096940000 0.0525390000 -0.0033490000
-0.0081850000 -0.0484080000 -0.0019540000
0.0090230000 -0.0578490000 -0.0033740000
0.0098020000 -0.0437960000 0.0012270000
0.0082190000 -0.0074800000 -0.0037910000
0.0004130000 0.0345800000 -0.0079830000
-0.0021760000 0.0221330000 -0.0088530000
-0.0009170000 -0.0035730000 0.0081270000
0.0024530000 0.0456730000 0.0073010000
0.0007650000 -0.0519630000 -0.0007400000
-0.0057270000 -0.0187370000 0.0058570000
-0.0067030000 0.0029250000 -0.0062070000
0.0092620000 -0.0277820000 -0.0013630000
-0.0015420000 -0.0346530000 0.0082600000
0.0064410000 0.0269660000 0.0041360000
0.0071350000 0.0017400000 -0.0054080000
-0.0088780000 0.0101400000 0.0009260000
-0.0091960000 0.0433030000 -0.0019820000
-0.0080680000 -0.0368730000 0.0016490000
-0.0026420000 -0.0495030000 -0.0089660000
0.0032320000 0.0597710000 0.0001470000
-0.0085510000 0.0566740000 0.0046720000
0.0029050000 -0.0563610000 -0.0095710000
-0.0081270000 -0.0224800000 -0.0024800000
0.0008900000 0.0068390000 -0.0090070000
0.0043840000 -0.0420260000 0.0079620000
-0.0075980000 -0.0076370000 0.0043400000
-0.0075700000 -0.0056430000 -0.0049410000
-0.0075420000 -0.0309410000 -0.0045880000
0.0078970000 0.0187810000 -0.0005300000
-0.0003030000 -0.0508670000 0.0086960000
0.0074520000 -0.0182880000 0.0047670000
0.0065470000 0.0339480000 -0.0021040000
0.0019430000 -0.0413380000 -0.0094610000
0.0069790000 0.0108260000 0.0041700000
