-0.0063320000 0.0499320000 0.0066480000
0.0041690000 -0.0580760000 -0.0079370000
0.0078290000 -0.0038310000 0.0038770000
-0.0085070000 -0.0303800000 -0.0001010000
-0.0030050000 0.0227790000 -0.0086540000
0.0092070000 -0.0411250000 0.0035460000
-0.0077350000 0.0084180000 0.0041700000
0.0066580000 0.0393770000 -0.0037340000
0.0078050000 -0.0210590000 -0.0055410000
-0.0084610000 -0.0113000000 -0.0026650000
0.0005350000 0.0569770000 -0.0095470000
-0.0077160000 -0.0486920000 0.0027400000
-0.0020990000 0.0292260000 0.0077970000
0.0080870000 0.0129090000 -0.0003030000
-0.0005260000 0.0018730000 -0.0091940000
-0.0004300000 -0.0408420000 -0.0095230000
-0.0001600000 -0.0195230000 0.0083280000
0.0048030000 -0.0571260000 0.0080240000
-0.0086420000 0.0381110000 -0.0028220000
0.0065810000 0.0564740000 0.0038390000
