0.0102850000 -0.0562500000 -0.0022010000
-0.0047620000 0.0625150000 0.0000670000
-0.0086340000 0.0016300000 0.0017700000
0.0072400000 0.0310830000 -0.0027930000
-0.0085660000 -0.0302980000 -0.0010610000
0.0087960000 -0.0140650000 -0.0022140000
-0.0089580000 0.0426020000 0.0019580000
0.0079050000 0.0113040000 -0.0031900000
-0.0076440000 -0.0496530000 0.0029370000
-0.0082380000 0.0210760000 0.0034680000
0.0087320000 -0.0378040000 0.0038190000
0.0069720000 0.0492210000 -0.0040410000
-0.0059400000 -0.0145770000 0.0059930000
-0.0001750000 -0.0418560000 -0.0095230000
0.0020370000 -0.0018410000 -0.0089490000
0.0058950000 -0.0011030000 0.0058820000
0.0042320000 -0.0270980000 -0.0086240000
-0.0029870000 -0.0576390000 -0.0086570000
0.0046270000 -0.0243370000 0.0074590000
-0.0042530000 -0.0152940000 -0.0083420000
-0.0010140000 0.0210470000 -0.0090050000
0.0001270000 0.0518380000 0.0083440000
-0.0059560000 0.0515410000 -0.0082060000
0.0019980000 -0.0575270000 0.0086970000
-0.0000600000 0.0110850000 0.0080600000
-0.0017090000 0.0324430000 0.0072750000
-0.0016600000 0.0390250000 -0.0084370000
-0.0036630000 -0.0384160000 0.0075800000
-0.0047980000 0.0089130000 -0.0079700000
0.0054510000 0.0219400000 0.0054660000
-0.0086690000 0.0314440000 -0.0023750000
0.0055610000 0.0415110000 0.0048990000
0.0090600000 -0.0454690000 -0.0045470000
0.0037270000 -0.0466440000 0.0082140000
0.0044190000 -0.0119130000 0.0074750000
-0.0093590000 0.0533900000 0.0034410000
-0.0086340000 -0.0082670000 -0.0019070000
-0.0081130000 -0.0408460000 -0.0029560000
-0.0033740000 -0.0048730000 0.0075690000
0.0012260000 -0.0519430000 -0.0012460000
0.0069510000 0.0565600000 0.0028300000
-0.0052560000 -0.0245880000 0.0063950000
0.0094160000 -0.0285600000 -0.0001280000
-0.0089660000 0.0114520000 0.0010540000
0.0076490000 -0.0359710000 -0.0063530000
0.0025710000 0.0566710000 -0.0085200000
-0.0035040000 -0.0327990000 -0.0087870000
-0.0085570000 -0.0205940000 -0.0016370000
0.0070870000 0.0215880000 -0.0039120000
0.0084930000 -0.0046330000 -0.0024660000
-0.0057880000 -0.0489540000 -0.0068600000
-0.0072840000 -0.0583140000 -0.0003030000
0.0064080000 0.0400860000 -0.0042680000
0.0003060000 0.0300910000 -0.0087780000
0.0034790000 -0.0107800000 -0.0086010000
-0.0063190000 -0.0000890000 -0.0066090000
-0.0024990000 0.0433610000 0.0078550000
0.0049840000 -0.0539750000 -0.0088990000
-0.0040860000 -0.0241180000 -0.0082190000
0.0029820000 -0.0328410000 0.0081880000
