0.0073080000 -0.0459520000 -0.0069830000
-0.0046320000 0.0625200000 0.0002620000
-0.0063740000 0.0068230000 0.0058030000
0.0041700000 0.0333940000 -0.0063400000
-0.0071250000 -0.0228210000 0.0047490000
0.0069900000 -0.0079390000 -0.0060310000
-0.0051960000 -0.0576890000 0.0061910000
-0.0071930000 0.0438110000 0.0056940000
0.0061880000 0.0144990000 -0.0062800000
0.0085870000 -0.0273680000 -0.0044570000
-0.0007700000 -0.0398120000 0.0084420000
-0.0069390000 0.0249230000 0.0052080000
0.0075990000 0.0500320000 -0.0018450000
-0.0058660000 -0.0355100000 -0.0068990000
-0.0086580000 -0.0078310000 -0.0014460000
-0.0024930000 -0.0575630000 -0.0089010000
0.0096420000 -0.0571510000 0.0030270000
0.0026260000 -0.0116320000 0.0079590000
-0.0060770000 0.0499860000 -0.0078130000
-0.0026590000 -0.0189520000 -0.0090230000
0.0077260000 0.0032260000 0.0035700000
-0.0024180000 0.0029920000 -0.0089870000
-0.0076680000 0.0155400000 -0.0052610000
0.0068300000 0.0240920000 0.0036870000
-0.0081630000 -0.0476680000 -0.0020500000
0.0050610000 0.0393120000 0.0052230000
0.0006190000 0.0538470000 0.0084160000
0.0044010000 -0.0279200000 0.0076220000
-0.0078140000 0.0352180000 -0.0033580000
0.0092380000 -0.0378770000 0.0018130000
