0.0412290000 0.0554190000 -0.0057370000
0.0106410000 -0.0829700000 0.0065610000
-0.0704010000 0.0586990000 0.0091930000
-0.0180420000 -0.0050880000 -0.0112950000
0.0428040000 -0.0271070000 -0.0032750000
-0.0251300000 -0.0490170000 0.0102330000
0.0209930000 0.0140230000 0.0103620000
-0.0301360000 0.0330630000 0.0153700000
0.0141140000 -0.0509890000 -0.0164360000
0.0158990000 -0.0090160000 -0.0147570000
0.0010110000 -0.0130200000 0.0159470000
0.0403240000 0.0870520000 0.0022210000
0.0159810000 0.0362940000 -0.0128290000
-0.0463470000 0.0474720000 -0.0064330000
-0.0103100000 -0.0671060000 -0.0089020000
-0.0121090000 -0.0349400000 -0.0129680000
-0.0298380000 -0.0196710000 0.0117750000
0.0322550000 -0.0520890000 0.0054940000
-0.0189540000 0.0072310000 0.0140680000
-0.0346390000 0.0172410000 -0.0073800000
0.0235950000 0.0447170000 0.0113340000
0.0153730000 -0.0788300000 -0.0189220000
0.0265340000 -0.0109540000 0.0084520000
-0.0475450000 0.0520550000 0.0185450000
-0.0002430000 -0.0525320000 0.0089970000
0.0069320000 0.0135500000 -0.0112700000
-0.0524920000 0.0311610000 0.0090360000
0.0343350000 0.0286540000 -0.0013460000
0.0243500000 -0.0304710000 -0.0168410000
-0.0337860000 -0.0343250000 -0.0054180000
-0.0099350000 -0.0319220000 0.0095640000
0.0213800000 -0.0326120000 0.0065140000
0.0335110000 0.0678430000 0.0108790000
0.0310990000 0.0044940000 -0.0067620000
0.0326550000 0.0739620000 -0.0134940000
0.0167000000 -0.0645120000 -0.0007380000
-0.0242410000 -0.0517680000 -0.0109710000
-0.0003980000 0.0047620000 0.0059740000
-0.0321500000 -0.0021930000 0.0025370000
0.0351230000 -0.0133890000 -0.0151860000
0.0332920000 -0.0475290000 -0.0136400000
-0.0366590000 0.0153090000 0.0117730000
-0.0157930000 0.0139580000 -0.0096620000
0.0234950000 0.0538960000 -0.0126970000
-0.0010670000 -0.0018030000 -0.0188690000
-0.0581460000 0.0619500000 -0.0045340000
0.0494270000 0.0708390000 0.0007530000
-0.0036710000 -0.0708170000 0.0081590000
-0.0150980000 -0.0097600000 0.0064270000
-0.0039510000 -0.0510590000 -0.0147570000
-0.0621480000 0.0444200000 0.0016900000
-0.0312120000 -0.0167300000 -0.0079210000
-0.0336620000 0.0350130000 -0.0069040000
0.0234070000 0.0200450000 -0.0126700000
0.0136910000 -0.0009270000 0.0156670000
0.0043410000 -0.0657220000 -0.0176710000
-0.0582400000 0.0653600000 0.0190990000
0.0240970000 -0.0645990000 -0.0160470000
0.0025380000 -0.0792890000 -0.0078640000
-0.0081810000 -0.0186170000 -0.0121060000
0.0162190000 0.0299350000 0.0099350000
-0.0120700000 -0.0470230000 -0.0011020000
0.0013130000 -0.0081770000 -0.0039050000
0.0343340000 0.0416690000 -0.0110260000
0.0382670000 0.0433520000 0.0046560000
0.0275980000 -0.0216180000 -0.0033190000
0.0399180000 -0.0116940000 0.0000140000
0.0204060000 -0.0456610000 -0.0030060000
-0.0155220000 -0.0606170000 0.0059040000
0.0178080000 0.0008870000 0.0007490000
-0.0313930000 -0.0350590000 0.0097860000
0.0359390000 -0.0371540000 0.0058800000
-0.0457250000 0.0267780000 -0.0035650000
-0.0617820000 0.0486000000 0.0160800000
0.0127900000 -0.0166370000 0.0077960000
-0.0209080000 0.0217880000 0.0129150000
0.0385940000 -0.0340730000 -0.0157240000
0.0190540000 -0.0783140000 -0.0048180000
0.0188140000 0.0054280000 -0.0144510000
-0.0198940000 -0.0346650000 -0.0006360000
