0.0128840000 0.0270440000 -0.0105480000
0.0152580000 -0.0836790000 0.0064210000
-0.0685940000 0.0654160000 0.0113910000
-0.0359330000 -0.0286840000 0.0025230000
0.0405950000 0.0870590000 0.0020720000
0.0418100000 -0.0289360000 -0.0097950000
-0.0342390000 0.0237140000 0.0159780000
0.0059490000 -0.0114860000 0.0159190000
-0.0037330000 -0.0514310000 -0.0149150000
-0.0137860000 -0.0013060000 -0.0165180000
0.0403620000 0.0489220000 0.0046180000
-0.0455020000 0.0472230000 -0.0063780000
0.0216560000 -0.0502430000 0.0073780000
0.0326730000 0.0020120000 0.0001320000
0.0125910000 -0.0181960000 -0.0144720000
-0.0196600000 -0.0531670000 0.0111320000
0.0218920000 -0.0666890000 -0.0177110000
-0.0228300000 -0.0040820000 0.0134020000
0.0296640000 0.0668630000 -0.0133180000
-0.0243510000 0.0230670000 -0.0096140000
-0.0126230000 -0.0269820000 -0.0108030000
0.0114170000 0.0135280000 0.0116120000
-0.0526360000 0.0461040000 0.0184980000
-0.0008640000 -0.0766830000 -0.0125660000
0.0214530000 -0.0415350000 -0.0170410000
0.0196400000 0.0371110000 0.0111700000
0.0250310000 -0.0255400000 0.0080080000
-0.0271710000 -0.0469490000 -0.0109840000
0.0016660000 -0.0637350000 0.0087050000
0.0087620000 0.0048650000 -0.0170870000
-0.0150790000 -0.0257970000 0.0121380000
0.0278570000 0.0440510000 -0.0136620000
