-0.0316190000 -0.0072450000 -0.0036450000
0.0441520000 0.0848720000 0.0000440000
0.0181340000 -0.0823980000 0.0062700000
-0.0644480000 0.0711560000 0.0112670000
0.0412570000 -0.0137800000 -0.0047610000
0.0158880000 0.0367840000 -0.0123300000
-0.0203870000 -0.0555990000 -0.0117990000
-0.0331420000 0.0358410000 0.0161590000
0.0064890000 0.0040720000 0.0167220000
0.0205940000 -0.0480130000 -0.0172650000
0.0042230000 -0.0122900000 -0.0184640000
-0.0095750000 -0.0306150000 0.0107560000
0.0364340000 0.0530800000 0.0093770000
-0.0569300000 0.0438780000 -0.0033890000
-0.0225020000 0.0218100000 -0.0093650000
0.0294900000 0.0134000000 0.0003090000
0.0215350000 -0.0319620000 0.0079330000
0.0006800000 -0.0583800000 0.0090300000
0.0002810000 -0.0761450000 -0.0164790000
-0.0349290000 -0.0348420000 -0.0002960000
