-0.0299120000 0.0192180000 0.0029300000
0.0160790000 -0.0834790000 0.0059780000
0.0455660000 0.0835840000 -0.0007950000
0.0400590000 -0.0114420000 -0.0072340000
-0.0304470000 -0.0430360000 -0.0088180000
-0.0646790000 0.0710990000 0.0108390000
0.0212510000 0.0360680000 0.0113060000
-0.0014130000 -0.0156090000 0.0152970000
0.0149460000 -0.0460100000 -0.0161590000
0.0042600000 0.0077480000 -0.0175560000
-0.0050450000 -0.0566550000 0.0097780000
-0.0462750000 0.0478740000 -0.0064360000
0.0261880000 0.0588210000 -0.0130970000
-0.0233450000 -0.0105900000 -0.0108630000
0.0380610000 -0.0407370000 0.0047680000
0.0203470000 0.0053890000 0.0101450000
-0.0025250000 -0.0731600000 -0.0159320000
-0.0276580000 -0.0254700000 0.0129630000
0.0132180000 -0.0182850000 -0.0126650000
0.0268240000 0.0214990000 -0.0109080000
-0.0463130000 0.0349750000 0.0167930000
0.0393670000 0.0603450000 0.0092310000
0.0201790000 -0.0585670000 0.0072630000
-0.0099820000 0.0076490000 0.0124850000
0.0218070000 -0.0696370000 -0.0148690000
0.0357280000 -0.0328610000 -0.0180660000
-0.0654930000 0.0470270000 0.0082410000
0.0244830000 -0.0210960000 0.0082790000
-0.0081780000 -0.0500180000 -0.0144100000
0.0387050000 0.0408460000 -0.0038790000
