0.0202250000 0.0366560000 -0.0109710000
0.0149940000 -0.0836670000 0.0064810000
-0.0696600000 0.0630250000 0.0104510000
-0.0359650000 -0.0207450000 0.0007030000
0.0415460000 -0.0258380000 -0.0111980000
0.0405950000 0.0870590000 0.0020720000
-0.0276240000 0.0300860000 0.0150350000
0.0082040000 -0.0032080000 0.0163550000
-0.0048610000 -0.0493760000 -0.0146650000
-0.0108350000 0.0062050000 -0.0167330000
0.0231450000 -0.0494730000 0.0072100000
0.0229820000 0.0028860000 -0.0143980000
-0.0462080000 0.0470570000 -0.0064550000
0.0399550000 0.0549370000 0.0073970000
-0.0234760000 -0.0484890000 0.0117930000
0.0208530000 -0.0664700000 -0.0180310000
-0.0212060000 0.0013000000 0.0139250000
-0.0103010000 -0.0216230000 -0.0112490000
0.0246610000 0.0178880000 0.0090480000
-0.0349890000 0.0145160000 -0.0062780000
-0.0073300000 -0.0686400000 0.0042320000
0.0300750000 0.0681010000 -0.0133880000
0.0239140000 -0.0230740000 0.0082540000
0.0187410000 -0.0378070000 -0.0165090000
-0.0516580000 0.0465180000 0.0186350000
-0.0279300000 -0.0410210000 -0.0113150000
-0.0150790000 -0.0257970000 0.0121380000
0.0011030000 -0.0789810000 -0.0151730000
-0.0500130000 0.0271060000 0.0060580000
0.0220840000 0.0408510000 0.0114790000
0.0117020000 -0.0166570000 -0.0122780000
0.0370730000 -0.0069060000 0.0000760000
0.0079970000 0.0185540000 -0.0116600000
-0.0028700000 -0.0487980000 0.0086110000
-0.0266440000 -0.0051330000 -0.0094060000
0.0362090000 -0.0461940000 -0.0086080000
0.0489490000 0.0692670000 -0.0048610000
-0.0060260000 -0.0057830000 0.0014840000
0.0364660000 0.0487940000 -0.0116600000
-0.0636560000 0.0456000000 0.0029190000
0.0359610000 0.0329870000 0.0000630000
0.0254400000 -0.0679880000 0.0015400000
-0.0199360000 -0.0577160000 -0.0054670000
-0.0323990000 0.0335370000 -0.0073990000
-0.0575270000 0.0619980000 -0.0040700000
0.0387550000 -0.0339620000 0.0053940000
0.0274990000 0.0199650000 -0.0097490000
-0.0349300000 0.0135940000 0.0118750000
0.0352740000 0.0720870000 0.0108470000
0.0084980000 -0.0662470000 -0.0044680000
0.0289400000 -0.0141220000 -0.0166650000
0.0056080000 -0.0006430000 -0.0182230000
0.0198860000 -0.0039620000 0.0029970000
-0.0338730000 -0.0371930000 0.0044420000
-0.0059100000 -0.0125080000 0.0169870000
-0.0168790000 0.0174580000 0.0129460000
-0.0193430000 0.0087130000 -0.0026300000
-0.0087450000 -0.0656120000 -0.0148230000
-0.0556070000 0.0626190000 0.0191320000
-0.0150150000 -0.0425740000 -0.0011620000
0.0169260000 -0.0801680000 -0.0097590000
0.0094950000 0.0117870000 0.0097520000
-0.0268700000 -0.0139790000 0.0126900000
0.0129080000 -0.0527950000 -0.0152210000
