0.0209210000 -0.0236260000 0.0063670000
-0.0660050000 0.0702900000 0.0077800000
0.0439630000 0.0849310000 -0.0031450000
-0.0352030000 0.0117790000 -0.0043400000
0.0062820000 -0.0818320000 -0.0176900000
0.0198710000 0.0321580000 -0.0134920000
-0.0313850000 -0.0442040000 0.0013290000
-0.0006290000 -0.0017360000 -0.0189340000
-0.0398370000 0.0434460000 0.0173300000
0.0289130000 -0.0608330000 0.0047410000
-0.0096130000 -0.0046960000 0.0178720000
0.0284600000 0.0562590000 0.0110180000
-0.0048910000 -0.0642820000 0.0094480000
0.0196020000 0.0092350000 0.0104040000
0.0357620000 -0.0388670000 -0.0177080000
-0.0260420000 -0.0165160000 -0.0106900000
0.0300770000 -0.0039920000 -0.0141740000
-0.0064180000 -0.0468050000 -0.0142300000
-0.0575090000 0.0465320000 -0.0038750000
-0.0094960000 -0.0307360000 0.0101310000
0.0377180000 0.0611960000 -0.0133590000
0.0148960000 -0.0832210000 0.0073100000
-0.0188370000 0.0193790000 0.0142450000
0.0162960000 -0.0580630000 -0.0172250000
-0.0349980000 0.0364660000 -0.0070110000
0.0179600000 0.0338480000 0.0110540000
0.0428050000 -0.0211820000 -0.0028930000
0.0386170000 0.0399810000 -0.0021430000
-0.0317020000 -0.0229510000 0.0108650000
0.0133800000 -0.0191270000 -0.0143550000
-0.0609620000 0.0509880000 0.0179040000
-0.0488180000 0.0258420000 0.0069370000
0.0371940000 -0.0405910000 0.0054620000
0.0054270000 -0.0054070000 0.0020450000
0.0150250000 0.0112310000 -0.0116140000
-0.0092800000 -0.0679260000 -0.0117300000
-0.0151700000 0.0037370000 -0.0041920000
0.0460780000 0.0659340000 0.0050810000
-0.0287280000 -0.0026250000 0.0097380000
0.0320520000 -0.0065430000 0.0066360000
0.0313550000 0.0211800000 -0.0010260000
0.0205560000 -0.0453810000 -0.0032880000
0.0107850000 -0.0665280000 -0.0011100000
-0.0214950000 -0.0352350000 -0.0121290000
0.0218980000 0.0508860000 -0.0118150000
-0.0158390000 -0.0485050000 0.0112820000
-0.0073000000 -0.0174950000 -0.0110320000
-0.0220100000 -0.0547190000 -0.0099730000
0.0308260000 -0.0215440000 -0.0172840000
-0.0204940000 0.0195300000 -0.0094290000
-0.0357350000 0.0158060000 0.0126610000
0.0039450000 0.0058060000 0.0164790000
0.0192970000 -0.0347550000 -0.0164410000
-0.0353270000 -0.0289780000 -0.0043280000
0.0200700000 -0.0738040000 -0.0128640000
0.0087030000 -0.0145620000 0.0154960000
0.0335590000 0.0771000000 -0.0131790000
-0.0694400000 0.0546000000 0.0043730000
0.0371690000 0.0784690000 0.0101530000
-0.0300500000 0.0310120000 0.0136170000
-0.0584710000 0.0625670000 -0.0042890000
-0.0156800000 -0.0099400000 0.0040370000
0.0312740000 -0.0531300000 -0.0122770000
0.0200110000 -0.0008230000 -0.0025480000
0.0293600000 -0.0310360000 -0.0050080000
-0.0581840000 0.0381410000 0.0091440000
-0.0052510000 -0.0515660000 0.0004220000
-0.0301340000 -0.0026050000 -0.0058060000
-0.0247880000 -0.0362940000 0.0128870000
0.0011780000 -0.0770540000 0.0039490000
0.0165240000 0.0200410000 0.0003790000
0.0045780000 -0.0671280000 -0.0178070000
0.0473650000 0.0714500000 -0.0088180000
0.0304490000 0.0416370000 0.0099970000
0.0155770000 -0.0553300000 0.0072290000
-0.0006270000 0.0052790000 -0.0059080000
0.0439040000 0.0536190000 -0.0025310000
-0.0579950000 0.0652340000 0.0189660000
-0.0143210000 -0.0052650000 -0.0156790000
0.0132060000 -0.0045430000 -0.0147920000
-0.0493930000 0.0344760000 -0.0046300000
-0.0040390000 -0.0173960000 0.0092470000
-0.0167800000 -0.0602090000 0.0023150000
-0.0107670000 0.0079260000 0.0110510000
0.0246390000 -0.0141500000 -0.0048550000
-0.0322020000 0.0247200000 0.0008720000
-0.0157070000 -0.0411360000 -0.0006990000
0.0227900000 -0.0731170000 0.0017280000
-0.0348280000 -0.0146250000 0.0001340000
0.0230210000 -0.0372980000 0.0077520000
0.0281760000 0.0092830000 -0.0074370000
0.0168540000 -0.0044270000 0.0107220000
-0.0181620000 -0.0202580000 0.0127890000
0.0246030000 0.0358220000 -0.0009830000
0.0344170000 -0.0262220000 0.0065870000
0.0390330000 -0.0083970000 -0.0050050000
-0.0441230000 0.0468010000 -0.0055490000
0.0305090000 0.0402360000 -0.0128150000
-0.0479970000 0.0540400000 0.0177380000
0.0120080000 -0.0817800000 -0.0055220000
0.0102390000 0.0235730000 -0.0110180000
-0.0066270000 -0.0061330000 -0.0048540000
0.0210540000 -0.0581890000 -0.0050840000
0.0410020000 -0.0363150000 -0.0062890000
0.0248250000 0.0229950000 0.0098100000
-0.0243220000 -0.0293020000 0.0022140000
-0.0098740000 0.0066070000 -0.0159490000
0.0242850000 0.0202650000 -0.0122320000
-0.0002030000 -0.0762660000 -0.0085140000
-0.0424340000 0.0312310000 0.0164450000
-0.0253800000 0.0086010000 0.0141280000
0.0037390000 -0.0116890000 -0.0106820000
0.0319760000 0.0503860000 -0.0009700000
-0.0021140000 -0.0630740000 -0.0029170000
0.0295830000 0.0052550000 0.0041970000
0.0120730000 0.0188820000 0.0117510000
0.0270450000 -0.0488230000 0.0066470000
0.0217370000 -0.0470830000 -0.0173270000
-0.0237980000 0.0128600000 0.0003040000
-0.0433540000 0.0235890000 -0.0039480000
0.0342330000 0.0666450000 0.0085550000
-0.0682510000 0.0605900000 0.0147470000
-0.0406350000 0.0340910000 0.0035700000
-0.0000550000 -0.0569390000 -0.0135220000
-0.0116430000 -0.0285330000 -0.0119060000
-0.0285710000 -0.0446020000 -0.0105320000
0.0406640000 -0.0266420000 -0.0132070000
0.0095200000 0.0053690000 0.0056750000
