-0.0064940000 -0.0003870000 -0.0172450000
0.0405950000 0.0870590000 0.0020720000
-0.0647130000 0.0710000000 0.0112580000
0.0156410000 -0.0835610000 0.0067040000
0.0416350000 -0.0300430000 0.0018740000
-0.0271720000 -0.0459830000 0.0102670000
0.0331190000 0.0317330000 0.0059760000
-0.0400630000 0.0244600000 0.0149710000
0.0138750000 -0.0515420000 -0.0165600000
0.0136300000 -0.0061000000 0.0156350000
-0.0255990000 -0.0092610000 0.0128170000
0.0263920000 0.0596440000 -0.0130410000
0.0278970000 -0.0041660000 -0.0149580000
-0.0471670000 0.0489870000 -0.0062120000
-0.0095880000 -0.0678790000 -0.0038580000
-0.0126660000 -0.0305720000 -0.0126060000
0.0104430000 0.0240290000 -0.0124740000
-0.0236530000 0.0225760000 -0.0096980000
0.0307140000 -0.0556220000 0.0054440000
0.0096760000 -0.0788590000 -0.0188510000
0.0422430000 0.0615500000 0.0076820000
-0.0152440000 0.0147160000 0.0138240000
-0.0563190000 0.0473220000 0.0181180000
0.0170100000 -0.0267540000 -0.0146160000
0.0124370000 0.0187870000 0.0118930000
-0.0353180000 -0.0262220000 -0.0026430000
-0.0099560000 -0.0278320000 0.0114780000
-0.0022010000 -0.0499780000 0.0093820000
0.0349720000 -0.0414250000 -0.0175700000
-0.0235060000 -0.0510530000 -0.0121000000
-0.0277000000 0.0000080000 -0.0083360000
0.0200940000 -0.0264950000 0.0081500000
0.0341150000 -0.0092380000 0.0059000000
-0.0053850000 -0.0070580000 0.0038900000
0.0297450000 0.0113050000 0.0001430000
0.0447530000 0.0707640000 -0.0115910000
0.0268660000 0.0381780000 -0.0135790000
-0.0669460000 0.0527960000 0.0006560000
-0.0438020000 0.0281600000 -0.0056550000
0.0250010000 0.0502980000 0.0103280000
0.0104750000 -0.0666890000 -0.0029350000
0.0376010000 -0.0216670000 -0.0160440000
-0.0334060000 0.0078340000 0.0081790000
0.0109420000 0.0046260000 -0.0112700000
0.0408760000 0.0490660000 -0.0067350000
-0.0046480000 -0.0489880000 -0.0129400000
-0.0385640000 0.0429650000 0.0158950000
0.0054730000 -0.0128570000 -0.0111290000
-0.0572500000 0.0367500000 0.0030970000
0.0264230000 -0.0626780000 -0.0103850000
