0.0165340000 0.0311450000 0.0102730000
0.0115960000 -0.0824980000 -0.0181120000
-0.0692950000 0.0649530000 0.0073760000
-0.0361410000 -0.0252450000 0.0030100000
0.0428040000 -0.0271070000 -0.0032750000
0.0401800000 0.0868380000 -0.0051470000
-0.0336840000 0.0275710000 -0.0085070000
0.0025280000 -0.0052170000 -0.0183260000
-0.0019950000 -0.0515990000 0.0095470000
-0.0094020000 -0.0002400000 0.0179700000
0.0389820000 0.0509070000 -0.0103840000
0.0197880000 -0.0487120000 -0.0171940000
0.0233710000 -0.0020970000 0.0093240000
-0.0430140000 0.0464770000 0.0178380000
-0.0245100000 -0.0499750000 -0.0118430000
0.0237890000 -0.0682770000 0.0062130000
-0.0256650000 -0.0007290000 -0.0096510000
0.0215790000 0.0156860000 -0.0132600000
0.0328390000 0.0662620000 0.0110060000
-0.0097780000 -0.0257830000 0.0091910000
0.0215440000 -0.0390200000 0.0078080000
-0.0226000000 0.0227610000 0.0152140000
0.0281280000 -0.0094650000 -0.0159720000
-0.0564140000 0.0455450000 -0.0042640000
-0.0079800000 -0.0692690000 -0.0081360000
0.0172690000 0.0397370000 -0.0125830000
-0.0254200000 -0.0454370000 0.0119470000
-0.0186670000 -0.0273990000 -0.0121010000
-0.0455010000 0.0244360000 0.0111120000
0.0047740000 -0.0801310000 0.0068280000
0.0349600000 0.0303440000 -0.0023970000
0.0038560000 0.0029160000 0.0014410000
-0.0285310000 -0.0067380000 0.0106810000
0.0169620000 -0.0276540000 -0.0147660000
0.0069370000 -0.0142670000 0.0154110000
0.0490330000 0.0680130000 -0.0025590000
0.0303030000 0.0698660000 -0.0124150000
0.0365320000 -0.0469020000 -0.0042790000
0.0307260000 0.0458250000 0.0103830000
-0.0042860000 -0.0499360000 -0.0136790000
-0.0625810000 0.0477930000 0.0147420000
0.0231370000 -0.0675880000 -0.0135810000
-0.0360790000 0.0096640000 0.0030030000
0.0280120000 -0.0207420000 0.0078260000
-0.0181170000 0.0166990000 -0.0094040000
0.0343450000 -0.0347470000 -0.0182700000
0.0271100000 0.0160710000 0.0066520000
0.0391400000 -0.0091050000 -0.0012810000
-0.0177460000 -0.0591570000 0.0030670000
0.0083860000 -0.0657610000 -0.0027110000
-0.0568260000 0.0636310000 0.0195900000
-0.0116960000 -0.0115470000 -0.0098430000
0.0106800000 0.0150540000 0.0116310000
-0.0167170000 -0.0399750000 -0.0011090000
-0.0573060000 0.0620520000 -0.0036280000
0.0313230000 0.0048680000 -0.0053750000
0.0054290000 0.0101960000 -0.0132570000
-0.0403620000 0.0424310000 -0.0059990000
-0.0113330000 0.0033620000 -0.0168070000
0.0178660000 -0.0806900000 -0.0029540000
-0.0322670000 -0.0359120000 -0.0087820000
0.0164040000 -0.0049350000 -0.0056410000
0.0430390000 0.0786580000 0.0086200000
-0.0051030000 -0.0675650000 0.0091720000
0.0234890000 0.0544830000 -0.0122230000
0.0162850000 -0.0541460000 0.0065100000
0.0426230000 0.0551680000 0.0045980000
-0.0300110000 -0.0165790000 -0.0088940000
-0.0327930000 0.0348850000 0.0140860000
-0.0245340000 -0.0218390000 0.0133230000
0.0057430000 -0.0678090000 -0.0181360000
-0.0217860000 0.0073620000 0.0122410000
-0.0562130000 0.0352840000 0.0077940000
0.0060070000 0.0010910000 0.0167230000
-0.0146730000 -0.0086090000 0.0047180000
-0.0478810000 0.0289610000 -0.0029810000
0.0111760000 0.0261150000 -0.0111780000
0.0378410000 -0.0205430000 -0.0157200000
0.0361340000 -0.0364250000 0.0059090000
0.0285530000 -0.0282060000 -0.0060040000
0.0024360000 -0.0791390000 -0.0072780000
0.0307140000 -0.0556220000 0.0054440000
-0.0674620000 0.0517720000 0.0019980000
0.0099580000 -0.0156290000 -0.0123330000
0.0174660000 0.0079370000 0.0000740000
-0.0096320000 -0.0398530000 0.0109490000
0.0311920000 0.0392850000 -0.0123120000
-0.0070190000 -0.0136240000 0.0154750000
-0.0271670000 0.0200380000 0.0010870000
0.0215500000 0.0273740000 -0.0020300000
0.0428800000 0.0753870000 -0.0125590000
0.0186410000 -0.0452250000 -0.0040310000
-0.0144040000 -0.0588640000 -0.0138580000
-0.0054280000 -0.0572790000 -0.0021640000
0.0395860000 0.0426710000 0.0002760000
0.0294570000 -0.0558690000 -0.0112970000
-0.0019530000 -0.0089040000 -0.0008930000
-0.0114250000 -0.0386310000 -0.0133520000
-0.0344140000 0.0169840000 0.0139560000
-0.0335050000 -0.0383070000 0.0043670000
