0.0326070000 -0.0518740000 -0.0103600000
-0.0649420000 0.0709260000 0.0107160000
0.0491650000 0.0753210000 -0.0042750000
-0.0314620000 -0.0036690000 0.0063150000
0.0294930000 0.0141890000 -0.0031330000
-0.0214530000 -0.0564030000 -0.0038710000
-0.0378520000 0.0392250000 -0.0071720000
0.0097820000 -0.0822990000 0.0074530000
0.0007260000 -0.0112310000 -0.0181830000
0.0251430000 0.0495750000 0.0109890000
0.0249820000 -0.0207560000 0.0082590000
0.0015290000 0.0048800000 0.0168450000
-0.0093690000 -0.0286580000 0.0108030000
0.0052410000 -0.0653470000 -0.0178290000
-0.0233510000 0.0243100000 0.0149970000
-0.0548890000 0.0434280000 0.0171240000
-0.0310220000 -0.0287430000 -0.0097970000
-0.0156970000 0.0134030000 -0.0103380000
0.0375140000 -0.0246270000 -0.0167800000
0.0161740000 0.0371150000 -0.0126110000
0.0272050000 0.0620480000 -0.0129960000
0.0026500000 -0.0564850000 0.0077380000
-0.0576060000 0.0535320000 -0.0048060000
0.0154950000 0.0273420000 0.0115470000
-0.0419980000 0.0172190000 0.0012920000
0.0079020000 0.0110770000 -0.0128060000
0.0235740000 -0.0059360000 -0.0156140000
-0.0298820000 -0.0398290000 0.0105910000
0.0381260000 0.0421970000 -0.0069430000
0.0215860000 -0.0434460000 0.0077240000
0.0252000000 -0.0658550000 0.0059800000
-0.0108650000 -0.0384850000 -0.0127590000
0.0182560000 -0.0355240000 -0.0153260000
0.0341880000 0.0697370000 0.0109260000
0.0409570000 -0.0347380000 0.0023430000
-0.0198500000 -0.0094640000 -0.0112300000
0.0396540000 -0.0095120000 -0.0020240000
0.0207200000 -0.0000310000 0.0098380000
-0.0008180000 -0.0091840000 0.0021740000
0.0187710000 -0.0774560000 -0.0096520000
-0.0356940000 0.0396840000 0.0155100000
-0.0268510000 -0.0210170000 0.0130420000
-0.0534370000 0.0324620000 0.0015170000
-0.0171360000 0.0063420000 0.0138590000
0.0448820000 0.0577730000 0.0011850000
-0.0067720000 -0.0681430000 -0.0037220000
-0.0133370000 -0.0478910000 0.0110640000
0.0325750000 0.0300770000 0.0055440000
-0.0683150000 0.0531540000 0.0099030000
0.0340390000 0.0786220000 -0.0129010000
0.0101510000 -0.0128870000 0.0152950000
-0.0292360000 0.0242470000 -0.0090140000
-0.0093660000 -0.0089540000 0.0172790000
-0.0535920000 0.0605130000 0.0183490000
0.0221590000 -0.0630970000 -0.0180690000
0.0394570000 0.0848330000 0.0056650000
-0.0084490000 -0.0554690000 -0.0145920000
-0.0308660000 0.0073760000 -0.0065250000
0.0133890000 0.0132600000 0.0028450000
0.0144100000 -0.0195430000 -0.0128180000
0.0023700000 -0.0796980000 -0.0106520000
0.0301090000 0.0285710000 -0.0102990000
-0.0108180000 -0.0225800000 -0.0121480000
-0.0053690000 0.0033750000 -0.0170490000
-0.0310440000 -0.0438510000 -0.0048670000
0.0099080000 -0.0663040000 -0.0023130000
-0.0448680000 0.0268850000 0.0135640000
-0.0320450000 0.0112750000 0.0123160000
-0.0354570000 -0.0175270000 0.0002560000
-0.0175510000 -0.0102700000 0.0041280000
0.0137910000 -0.0504530000 -0.0147850000
-0.0182670000 -0.0371580000 0.0007110000
0.0332950000 -0.0390410000 -0.0183520000
0.0288350000 -0.0277890000 -0.0044700000
-0.0108920000 -0.0627140000 0.0096150000
0.0418760000 0.0649680000 -0.0120940000
0.0327200000 -0.0528360000 0.0046940000
-0.0006040000 0.0050280000 -0.0022300000
-0.0060640000 -0.0487840000 -0.0016810000
0.0172170000 0.0223830000 -0.0136510000
0.0229260000 -0.0091660000 -0.0014640000
0.0263040000 0.0473590000 -0.0135610000
0.0011520000 -0.0707680000 0.0084430000
0.0218730000 0.0081790000 -0.0137450000
-0.0625530000 0.0667150000 -0.0026060000
0.0104180000 -0.0030610000 -0.0114060000
0.0210540000 -0.0581890000 -0.0050840000
0.0326200000 0.0012180000 -0.0074370000
0.0378120000 0.0459950000 0.0064500000
0.0386680000 -0.0213940000 0.0051500000
