-0.0337110000 -0.0240490000 -0.0063210000
0.0430150000 0.0857900000 -0.0012170000
-0.0644480000 0.0711560000 0.0112670000
0.0186630000 -0.0819900000 0.0062620000
0.0401470000 -0.0105090000 -0.0028170000
-0.0266720000 0.0282750000 0.0154720000
0.0186160000 0.0385520000 -0.0130080000
0.0163150000 -0.0446800000 -0.0164840000
0.0002710000 -0.0061790000 0.0148850000
-0.0156710000 -0.0582290000 0.0099380000
0.0075490000 0.0048430000 -0.0183120000
-0.0546010000 0.0400550000 -0.0032670000
0.0383000000 0.0543760000 0.0085170000
-0.0243200000 0.0072600000 -0.0101050000
0.0242900000 0.0154210000 0.0090580000
-0.0028810000 -0.0726670000 -0.0158680000
0.0381260000 -0.0402760000 0.0048630000
-0.0122260000 -0.0418790000 -0.0135580000
-0.0131780000 -0.0303270000 0.0117950000
-0.0088080000 -0.0149090000 -0.0102760000
0.0163820000 -0.0553750000 0.0078890000
0.0296490000 0.0664740000 -0.0134050000
-0.0261630000 -0.0068430000 0.0123070000
0.0188540000 -0.0227690000 0.0068670000
-0.0478230000 0.0525250000 0.0185300000
0.0220130000 -0.0690120000 -0.0152640000
0.0361540000 -0.0297870000 -0.0178170000
-0.0320760000 0.0306780000 -0.0085450000
0.0201120000 0.0388810000 0.0110180000
0.0176080000 -0.0159380000 -0.0152490000
-0.0306680000 -0.0457060000 -0.0010700000
-0.0396360000 0.0141390000 0.0043890000
-0.0131360000 0.0111260000 0.0116030000
0.0279500000 0.0060920000 -0.0104540000
-0.0015710000 -0.0741090000 0.0057170000
0.0368770000 0.0355480000 -0.0019900000
-0.0672910000 0.0500710000 0.0105510000
-0.0476060000 0.0312910000 0.0146000000
-0.0568620000 0.0605010000 -0.0047590000
0.0480830000 0.0663560000 -0.0047480000
0.0174130000 -0.0025900000 0.0046020000
0.0321340000 -0.0535890000 -0.0084230000
-0.0166640000 -0.0605170000 -0.0096110000
-0.0058660000 0.0035920000 -0.0044190000
0.0357460000 0.0730770000 0.0109120000
0.0101100000 0.0218460000 -0.0103560000
-0.0318660000 -0.0311690000 0.0108120000
0.0393250000 0.0515090000 -0.0102340000
0.0111780000 -0.0821370000 -0.0098110000
-0.0006380000 -0.0552220000 -0.0142510000
0.0275270000 0.0236330000 -0.0111770000
-0.0313770000 -0.0071190000 -0.0040690000
-0.0050520000 -0.0450450000 0.0090260000
0.0211850000 -0.0393770000 0.0059140000
0.0083550000 -0.0660170000 -0.0051180000
0.0355350000 -0.0237100000 0.0066040000
0.0256190000 -0.0675810000 0.0013960000
0.0084940000 0.0081880000 0.0135080000
-0.0190920000 -0.0274500000 -0.0120580000
-0.0219360000 -0.0437030000 0.0121950000
