0.0167990000 0.0173320000 0.0034240000
0.0115960000 -0.0824980000 -0.0181120000
-0.0680760000 0.0673720000 0.0085400000
0.0406800000 0.0873150000 -0.0014110000
-0.0352100000 -0.0323470000 0.0036180000
0.0402610000 -0.0361960000 0.0034130000
-0.0380090000 0.0228590000 -0.0071850000
-0.0037910000 -0.0133270000 -0.0183990000
-0.0000850000 -0.0534820000 0.0089510000
0.0364660000 0.0487940000 -0.0116600000
-0.0102500000 -0.0047360000 0.0177320000
0.0311700000 -0.0081430000 -0.0151370000
-0.0426840000 0.0460570000 0.0178130000
0.0195440000 -0.0509000000 -0.0172900000
0.0157020000 -0.0187780000 0.0090850000
-0.0210030000 -0.0534010000 -0.0126500000
