0.0302000000 0.0622080000 0.0093460000
0.0064690000 -0.0818890000 -0.0176220000
-0.0703790000 0.0579810000 0.0082690000
-0.0173940000 -0.0072870000 0.0132540000
0.0414630000 -0.0254880000 -0.0116270000
0.0163060000 0.0193090000 -0.0135480000
-0.0272720000 -0.0484390000 -0.0099030000
-0.0328140000 0.0329010000 -0.0081920000
0.0178440000 -0.0523260000 0.0079150000
-0.0006080000 -0.0120380000 -0.0181460000
0.0203940000 -0.0070910000 0.0095480000
-0.0429880000 0.0466770000 0.0177880000
0.0390890000 0.0855760000 -0.0085600000
-0.0084850000 -0.0675130000 0.0048440000
-0.0097070000 -0.0361600000 0.0110420000
0.0192210000 0.0347240000 0.0115540000
0.0327200000 0.0433860000 -0.0124300000
-0.0304800000 -0.0197820000 -0.0090640000
-0.0211430000 0.0209620000 0.0149180000
0.0291300000 -0.0503210000 -0.0181970000
-0.0190310000 0.0081910000 -0.0106200000
0.0188520000 -0.0804340000 0.0069080000
0.0265660000 -0.0046720000 -0.0153410000
-0.0025410000 -0.0518260000 -0.0141300000
-0.0503510000 0.0516970000 -0.0059080000
0.0174380000 -0.0282310000 -0.0151670000
-0.0452400000 0.0235390000 0.0105220000
0.0274150000 -0.0301080000 0.0074670000
0.0008590000 0.0046500000 0.0020880000
0.0450210000 0.0630180000 -0.0087410000
-0.0322580000 -0.0318780000 0.0104220000
0.0275400000 0.0142230000 0.0056260000
-0.0118780000 -0.0316670000 -0.0119990000
-0.0332070000 0.0054970000 0.0055980000
0.0222050000 -0.0691420000 -0.0109630000
-0.0220860000 -0.0526850000 0.0098750000
-0.0590010000 0.0386830000 0.0075330000
0.0019510000 -0.0130830000 0.0159660000
0.0386250000 -0.0098060000 0.0009130000
0.0456150000 0.0751550000 0.0074680000
