-0.0395370000 0.0406990000 -0.0052470000
0.0161910000 -0.0834220000 0.0061830000
0.0484020000 0.0790660000 -0.0011930000
0.0324790000 -0.0028430000 -0.0119840000
-0.0353920000 -0.0322100000 -0.0024250000
-0.0074050000 0.0040940000 0.0173690000
0.0249670000 0.0389490000 0.0108680000
0.0305730000 -0.0478870000 -0.0181520000
-0.0649300000 0.0700670000 0.0127670000
-0.0117390000 -0.0626640000 -0.0143530000
-0.0051730000 -0.0123720000 -0.0183090000
0.0209980000 -0.0280880000 0.0083400000
-0.0305800000 0.0080360000 -0.0070860000
0.0088580000 0.0206610000 -0.0119420000
-0.0077930000 -0.0425390000 0.0106850000
0.0263920000 0.0596440000 -0.0130410000
-0.0265200000 0.0255380000 0.0155150000
0.0214420000 -0.0560230000 0.0071340000
0.0193880000 0.0076930000 0.0103940000
-0.0556710000 0.0441510000 0.0171550000
0.0144620000 -0.0698400000 -0.0174670000
0.0424490000 -0.0269140000 -0.0073000000
-0.0284730000 -0.0107570000 0.0112680000
-0.0037300000 -0.0680180000 0.0091310000
-0.0125320000 -0.0359950000 -0.0132690000
0.0324440000 0.0638910000 0.0110290000
0.0179920000 -0.0229670000 -0.0156850000
0.0284310000 0.0352410000 -0.0129790000
-0.0056980000 -0.0186300000 0.0092200000
-0.0595880000 0.0539330000 -0.0043110000
-0.0256470000 -0.0522630000 0.0007670000
-0.0452490000 0.0211470000 0.0039510000
-0.0259440000 -0.0137620000 -0.0105040000
0.0419490000 0.0486500000 -0.0017630000
-0.0044630000 0.0043900000 -0.0043240000
0.0121300000 -0.0008770000 -0.0160830000
0.0305160000 -0.0096560000 0.0077620000
0.0368850000 -0.0424200000 0.0052680000
0.0292910000 0.0163960000 -0.0051970000
0.0118080000 -0.0103460000 0.0155050000
-0.0228440000 -0.0297760000 0.0129330000
-0.0264100000 0.0268050000 -0.0078180000
0.0337270000 0.0773740000 -0.0132320000
0.0020820000 -0.0785640000 -0.0056380000
-0.0370650000 0.0413040000 0.0154990000
-0.0306570000 0.0078790000 0.0114250000
0.0129060000 -0.0517070000 -0.0155980000
-0.0561280000 0.0366860000 0.0007220000
0.0139350000 0.0247670000 0.0106550000
0.0273850000 -0.0622480000 -0.0082150000
0.0446200000 0.0641020000 -0.0094450000
-0.0684950000 0.0533640000 0.0104010000
-0.0053790000 -0.0499840000 -0.0045830000
-0.0153900000 -0.0073790000 0.0013240000
-0.0534030000 0.0602130000 0.0187040000
0.0346480000 0.0302550000 0.0012390000
0.0123010000 -0.0669070000 -0.0005850000
0.0229120000 -0.0446550000 -0.0042910000
-0.0160670000 0.0141510000 -0.0100160000
0.0182390000 -0.0045030000 -0.0017300000
0.0331520000 -0.0181960000 -0.0169770000
-0.0270310000 -0.0424110000 -0.0115300000
0.0373190000 0.0788950000 0.0101110000
0.0031790000 -0.0078060000 0.0019770000
-0.0156660000 -0.0020130000 -0.0133110000
-0.0146220000 -0.0566750000 0.0107720000
0.0358930000 -0.0243240000 0.0064860000
0.0294670000 -0.0329790000 -0.0133150000
-0.0189130000 -0.0385720000 0.0010060000
0.0406420000 -0.0122100000 -0.0033720000
