-0.0819030000 0.0142330000 -0.0061950000
0.1050160000 -0.0642530000 0.0008620000
0.0713290000 0.0921800000 0.0006440000
0.0167750000 -0.0113830000 0.0109600000
-0.0445300000 -0.0482610000 -0.0031500000
-0.0215010000 0.0421280000 -0.0006180000
0.0390790000 0.0412730000 -0.0119810000
0.0514160000 -0.0504950000 -0.0100700000
-0.0829380000 -0.0279210000 0.0123930000
-0.0154230000 0.0009530000 -0.0178290000
-0.0060740000 -0.0375320000 -0.0096640000
-0.0467670000 0.0145240000 0.0113820000
0.0122080000 0.0271150000 0.0122910000
0.0588080000 0.0598590000 0.0128120000
-0.1033410000 -0.0127360000 -0.0115950000
-0.0591500000 -0.0177520000 -0.0107970000
-0.0138910000 0.0044820000 0.0166290000
0.0773560000 -0.0477950000 0.0112200000
-0.0271450000 -0.0249040000 0.0120520000
0.0360070000 -0.0222300000 -0.0125570000
-0.0506800000 0.0363350000 -0.0105650000
0.0496430000 -0.0311790000 0.0113170000
0.0092640000 0.0139120000 -0.0125140000
0.0803650000 -0.0623320000 -0.0122610000
0.0226070000 -0.0380800000 0.0058170000
0.0316650000 0.0571910000 0.0092200000
-0.0960430000 -0.0006480000 0.0116030000
0.0661300000 0.0687450000 -0.0114690000
-0.0565740000 -0.0304770000 0.0125130000
0.0055390000 -0.0139930000 -0.0127570000
-0.0568450000 0.0111440000 -0.0122870000
-0.0310390000 0.0196640000 -0.0096260000
0.0135000000 0.0399290000 -0.0098820000
-0.0687950000 0.0001020000 0.0104690000
-0.0350850000 -0.0260800000 -0.0119990000
-0.0028630000 -0.0263680000 0.0120010000
-0.0663750000 0.0279640000 0.0063210000
-0.0417310000 0.0380820000 0.0118520000
-0.0826510000 -0.0251170000 -0.0114920000
-0.0217960000 -0.0474280000 0.0056640000
