-0.0344680000 0.0184860000 -0.0098310000
0.1050160000 -0.0642530000 0.0008620000
0.0869130000 0.0879860000 0.0027190000
0.0251670000 -0.0384130000 0.0070900000
-0.1022010000 -0.0163400000 0.0134730000
0.0345970000 0.0358240000 0.0120810000
-0.0425210000 -0.0491610000 0.0000860000
0.0011710000 0.0016480000 0.0171630000
0.0671010000 -0.0407300000 -0.0132110000
-0.0800420000 0.0154900000 -0.0108920000
0.0487490000 0.0711740000 -0.0080890000
-0.0100540000 -0.0256560000 -0.0126870000
-0.0717350000 -0.0238700000 -0.0115860000
0.0035560000 0.0299000000 -0.0120730000
-0.0586860000 0.0304370000 0.0117280000
0.0197410000 -0.0124290000 -0.0120120000
-0.0167130000 0.0329560000 0.0122630000
-0.0506940000 -0.0209670000 0.0118360000
0.0755170000 -0.0602980000 0.0093420000
-0.0099150000 0.0037030000 -0.0181010000
-0.0167470000 -0.0409140000 0.0114330000
-0.0758740000 -0.0039290000 0.0106500000
-0.0966150000 -0.0084800000 -0.0141300000
0.0534960000 -0.0338670000 0.0114960000
0.0681570000 0.0684110000 0.0129670000
0.0287840000 0.0517780000 -0.0100590000
0.0418220000 -0.0289780000 -0.0130590000
-0.0382860000 0.0437780000 -0.0005740000
-0.0372210000 -0.0248760000 -0.0114090000
-0.0181910000 -0.0147600000 0.0105130000
0.0107050000 0.0251060000 0.0122330000
-0.0795090000 -0.0293760000 0.0123570000
0.0059410000 -0.0229010000 0.0119140000
0.0853590000 -0.0581010000 -0.0136800000
0.0448480000 0.0586960000 0.0130630000
0.0468940000 -0.0514870000 -0.0043670000
-0.0581020000 0.0256120000 -0.0120150000
0.0725570000 0.0739470000 -0.0109130000
-0.0202570000 0.0094960000 0.0096290000
0.0267830000 0.0284700000 -0.0109150000
-0.0225100000 -0.0451630000 -0.0108290000
-0.0191520000 0.0358790000 -0.0108440000
-0.0550530000 0.0077750000 0.0099880000
0.0645030000 0.0886700000 0.0040150000
-0.0627450000 -0.0398670000 0.0015370000
-0.0375750000 0.0237870000 0.0122400000
0.0104750000 -0.0324630000 -0.0089210000
0.0269420000 -0.0167880000 0.0101160000
0.0149890000 0.0455170000 0.0056930000
-0.0762120000 0.0176630000 0.0106050000
-0.0615930000 0.0044460000 -0.0107320000
0.0055490000 0.0014940000 -0.0037100000
-0.0953990000 0.0015150000 0.0045550000
0.0494470000 0.0506530000 -0.0105440000
-0.0357970000 -0.0344510000 0.0121670000
-0.0901310000 -0.0244960000 -0.0046980000
0.0649850000 -0.0593590000 -0.0073640000
0.0015980000 -0.0114920000 -0.0180650000
-0.0784550000 -0.0039750000 -0.0115910000
0.0874840000 -0.0714410000 -0.0006800000
0.0700260000 -0.0424880000 0.0096300000
-0.0052200000 -0.0409290000 -0.0032520000
-0.0504660000 -0.0378850000 -0.0120790000
-0.0009620000 0.0365950000 0.0040600000
-0.0542820000 -0.0198260000 -0.0091390000
-0.0117650000 0.0196350000 -0.0098230000
0.0518230000 0.0747130000 0.0090880000
0.0926390000 -0.0563470000 0.0106820000
-0.0057340000 0.0189860000 0.0120910000
0.0272230000 -0.0379200000 -0.0101700000
