0.0087210000 -0.0164140000 0.0080980000
0.0852900000 0.0894600000 0.0018240000
-0.1042240000 -0.0098120000 -0.0133930000
0.1050220000 -0.0642980000 -0.0015820000
-0.0453040000 0.0422390000 0.0014420000
0.0251220000 0.0515860000 -0.0082090000
-0.0514870000 -0.0448050000 0.0072130000
0.0509590000 -0.0493720000 -0.0108180000
-0.0661350000 0.0018540000 0.0102850000
-0.0078840000 0.0207580000 -0.0124550000
0.0594600000 0.0595970000 0.0125150000
-0.0164850000 -0.0405240000 -0.0121140000
0.0195860000 0.0212090000 0.0116430000
-0.0835280000 -0.0285850000 0.0083430000
-0.0171820000 0.0047890000 0.0166780000
0.0775630000 -0.0478800000 0.0111820000
0.0411420000 -0.0257400000 0.0112620000
-0.0598870000 -0.0204720000 -0.0114200000
-0.0128980000 -0.0098040000 -0.0180410000
-0.0470840000 0.0137150000 -0.0117210000
