-0.0549200000 -0.0195510000 -0.0089200000
0.0869120000 0.0880240000 0.0025040000
0.0957290000 -0.0709970000 -0.0002390000
0.0227670000 0.0237580000 0.0112710000
0.0314190000 -0.0439580000 -0.0035250000
-0.0396960000 0.0435330000 0.0028170000
-0.1043120000 -0.0097660000 0.0117510000
-0.0049450000 -0.0091210000 -0.0176140000
0.0428470000 0.0657470000 -0.0085580000
-0.0195320000 -0.0453540000 0.0088960000
-0.0760630000 0.0197240000 -0.0076920000
0.0691170000 -0.0426820000 0.0113050000
-0.0139150000 0.0085360000 0.0173610000
-0.0064770000 0.0321880000 -0.0110740000
0.0177750000 -0.0130670000 0.0116760000
-0.0479150000 0.0123960000 0.0107630000
-0.0783270000 -0.0303760000 0.0118820000
0.0661880000 0.0664290000 0.0128700000
-0.0508440000 -0.0447090000 0.0087750000
-0.0871170000 -0.0088800000 -0.0139960000
0.0217100000 0.0442560000 -0.0108970000
0.0438830000 0.0447140000 0.0122130000
0.0033340000 -0.0350380000 -0.0062090000
-0.0270200000 -0.0271090000 -0.0122760000
-0.0312040000 0.0173390000 -0.0121670000
0.0739310000 -0.0573260000 -0.0129270000
-0.0728350000 -0.0021000000 0.0104930000
0.0567770000 -0.0345880000 -0.0130350000
-0.0106520000 -0.0190710000 0.0120330000
0.0290540000 -0.0182340000 -0.0126170000
0.0624440000 0.0837410000 -0.0069700000
0.0469240000 -0.0289180000 0.0110360000
0.0137530000 0.0161640000 -0.0117340000
-0.0176600000 0.0338000000 0.0120500000
-0.0358510000 -0.0237070000 0.0114910000
-0.0533810000 0.0292060000 -0.0118830000
0.0528650000 -0.0550230000 -0.0010900000
-0.0762200000 -0.0296460000 -0.0114820000
-0.0352740000 -0.0485900000 -0.0085730000
-0.0634030000 0.0293110000 0.0090500000
-0.0577240000 0.0065320000 -0.0113190000
0.0071390000 0.0389460000 0.0056380000
0.0050230000 0.0046910000 0.0058430000
-0.0911870000 0.0060150000 0.0015510000
0.0880140000 -0.0537950000 0.0108760000
-0.0577330000 -0.0226790000 0.0125430000
-0.0108010000 0.0119490000 -0.0179350000
0.0430640000 0.0444550000 -0.0105680000
0.0280670000 0.0570610000 0.0050310000
-0.0549450000 -0.0403280000 -0.0113240000
0.0178910000 -0.0336300000 0.0084730000
0.0458680000 0.0654600000 0.0117300000
-0.0261230000 0.0371060000 -0.0111490000
0.0627360000 0.0640070000 -0.0108150000
0.0937260000 -0.0556620000 -0.0127840000
0.0692690000 0.0859390000 0.0117130000
0.0706170000 -0.0615350000 0.0060080000
-0.0144720000 -0.0423000000 -0.0099440000
-0.0010070000 0.0224220000 0.0122040000
-0.0934190000 -0.0210110000 0.0001070000
-0.0290170000 0.0179570000 0.0093780000
-0.0775560000 0.0162840000 0.0109890000
0.0102100000 -0.0175520000 -0.0102610000
-0.1037060000 -0.0076560000 -0.0064550000
-0.0100540000 0.0011670000 -0.0035080000
-0.0042780000 -0.0357310000 0.0099340000
-0.0869330000 -0.0125750000 0.0144180000
0.0237020000 0.0414670000 0.0125900000
-0.0460530000 0.0300360000 0.0124980000
-0.0096370000 -0.0252480000 -0.0127140000
0.0018470000 -0.0080050000 0.0172850000
-0.0664310000 -0.0379760000 0.0017720000
0.0198180000 -0.0328590000 -0.0111120000
0.0789890000 0.0804340000 -0.0108080000
0.0397610000 -0.0318080000 -0.0131550000
-0.0745340000 0.0021330000 -0.0098000000
0.0325260000 -0.0266740000 0.0019210000
0.0262070000 0.0278170000 -0.0108180000
0.0430530000 -0.0452390000 0.0088210000
0.0546840000 0.0789010000 0.0071260000
-0.0708480000 -0.0140420000 -0.0097960000
-0.0353090000 -0.0403140000 0.0120810000
0.0054520000 0.0019390000 -0.0112380000
0.0099500000 0.0326610000 -0.0119030000
-0.0424680000 -0.0305350000 -0.0093790000
0.0053330000 -0.0230310000 0.0119170000
0.0805220000 -0.0684950000 -0.0040290000
0.0704310000 -0.0420430000 -0.0122690000
-0.0215830000 -0.0297280000 0.0094080000
-0.0631540000 0.0099980000 0.0116530000
