-0.0213230000 -0.0353690000 -0.0098350000
0.0866590000 0.0882640000 0.0027150000
0.1052070000 -0.0636940000 0.0008450000
-0.1044080000 -0.0097980000 0.0114850000
0.0120750000 0.0435510000 0.0047710000
0.0454000000 -0.0282660000 0.0113370000
-0.0553280000 0.0347610000 -0.0098310000
-0.0163360000 0.0054400000 0.0171200000
-0.0648570000 -0.0372370000 0.0108060000
0.0546000000 0.0565530000 -0.0114980000
0.0138920000 -0.0103070000 -0.0122970000
0.0657510000 -0.0573020000 -0.0103820000
-0.0727290000 -0.0015450000 -0.0120810000
-0.0183500000 0.0298440000 -0.0120470000
0.0024680000 -0.0293090000 0.0116870000
-0.0521640000 0.0100310000 0.0108040000
