-0.0141280000 -0.0030320000 0.0111460000
0.0866840000 0.0882320000 0.0003520000
0.1050220000 -0.0642980000 -0.0015820000
-0.1041850000 -0.0101450000 -0.0135480000
0.0261950000 0.0519910000 -0.0085990000
0.0397700000 -0.0411500000 -0.0120890000
-0.0603580000 0.0325110000 -0.0080850000
-0.0544650000 -0.0431010000 -0.0077740000
-0.0166270000 0.0406480000 -0.0000850000
-0.0106420000 -0.0442100000 -0.0037920000
-0.0722280000 -0.0018140000 0.0105360000
0.0599060000 0.0599680000 0.0124930000
0.0722580000 -0.0448890000 0.0113320000
0.0115700000 0.0153790000 -0.0124230000
0.0227940000 -0.0153840000 0.0116400000
-0.0031570000 -0.0134520000 -0.0179910000
-0.0381730000 0.0189390000 0.0119320000
-0.0341240000 -0.0280930000 0.0120320000
-0.0821440000 -0.0292860000 -0.0011580000
0.0262870000 0.0283000000 0.0120720000
-0.0219350000 0.0136300000 -0.0124450000
0.0783160000 -0.0602380000 -0.0126980000
0.0607870000 0.0789400000 -0.0095320000
-0.0843450000 0.0106000000 -0.0123060000
-0.0989080000 -0.0123890000 0.0142530000
-0.0006760000 0.0219920000 0.0121700000
0.0468220000 -0.0293360000 0.0114610000
0.0136620000 -0.0329860000 -0.0088630000
-0.0582060000 0.0062540000 -0.0110420000
-0.0602900000 -0.0250730000 0.0125640000
0.0519540000 0.0540290000 -0.0115760000
-0.0012870000 -0.0259450000 0.0119570000
-0.0263160000 -0.0238870000 -0.0122440000
0.0649260000 -0.0387940000 -0.0125660000
-0.0409960000 0.0422710000 0.0040430000
-0.0597740000 -0.0184410000 -0.0111930000
-0.0335530000 -0.0507970000 0.0024550000
0.0376530000 0.0498790000 0.0129250000
0.0066470000 0.0381660000 -0.0065280000
-0.0691890000 0.0220280000 0.0116530000
0.0542350000 -0.0554940000 0.0004780000
0.0675640000 0.0824410000 0.0126630000
0.0845590000 -0.0644540000 0.0094670000
0.0423150000 0.0700940000 0.0017470000
0.0319870000 -0.0195590000 -0.0119580000
0.0057890000 -0.0012200000 0.0013170000
0.0282860000 0.0299260000 -0.0110300000
0.0271980000 -0.0388220000 0.0076680000
-0.0395240000 0.0271800000 -0.0119600000
-0.0913420000 0.0055410000 0.0069750000
-0.0495560000 -0.0422550000 0.0118930000
-0.0787580000 -0.0116520000 -0.0104270000
-0.0547700000 0.0079340000 0.0099630000
0.0182420000 0.0459500000 0.0085120000
-0.0196700000 0.0260840000 0.0123860000
-0.0057290000 0.0244130000 -0.0123880000
-0.0045990000 0.0054140000 -0.0151870000
0.0149080000 -0.0108400000 -0.0123970000
-0.0172880000 -0.0363760000 0.0119090000
-0.0366580000 -0.0397830000 -0.0123120000
-0.0528760000 0.0306260000 0.0125670000
-0.0808960000 -0.0177610000 0.0131690000
0.0044300000 -0.0095610000 0.0173260000
-0.0039430000 -0.0304500000 -0.0127370000
-0.0687450000 -0.0332990000 -0.0115180000
-0.0969490000 -0.0201980000 -0.0011080000
-0.0436760000 -0.0243280000 -0.0092550000
-0.0736030000 0.0218170000 -0.0049780000
0.0950220000 -0.0563840000 -0.0130360000
-0.0189060000 -0.0193910000 0.0094830000
0.0699500000 0.0915340000 -0.0015950000
0.0896190000 -0.0709610000 -0.0058730000
0.0694770000 -0.0629200000 0.0017080000
0.0776950000 0.0794490000 -0.0110360000
0.0429050000 -0.0457010000 0.0083500000
0.0402940000 0.0418630000 -0.0102050000
0.0148530000 0.0159420000 0.0101160000
-0.0230010000 0.0307300000 -0.0120110000
-0.0013350000 0.0060370000 0.0172300000
-0.0652060000 -0.0385580000 0.0042670000
0.0106960000 -0.0198400000 0.0012980000
-0.0154020000 -0.0058420000 -0.0101360000
0.0550930000 -0.0394580000 -0.0000170000
0.0112000000 0.0319160000 0.0098330000
-0.0212900000 0.0107830000 0.0094730000
0.0543580000 0.0796240000 0.0047950000
0.0637510000 -0.0544140000 -0.0118570000
-0.1017270000 -0.0047160000 0.0008510000
0.0027460000 -0.0367900000 0.0015890000
-0.0078170000 0.0062170000 -0.0000460000
0.0367890000 -0.0297230000 -0.0003190000
0.0514750000 -0.0311180000 -0.0125150000
-0.0030890000 0.0357080000 0.0055380000
-0.0296030000 0.0313950000 0.0018960000
0.0308530000 0.0599120000 0.0036560000
-0.0865480000 -0.0084540000 0.0025950000
0.0296750000 0.0399170000 0.0004430000
-0.0123610000 -0.0287690000 -0.0003560000
-0.0249660000 -0.0390980000 -0.0028820000
0.0384420000 0.0606200000 -0.0094900000
