-0.0114710000 0.0126900000 -0.0170560000
0.1049030000 -0.0643050000 0.0014490000
0.0869230000 0.0874820000 0.0046000000
-0.1032330000 -0.0138950000 0.0134880000
0.0333220000 -0.0424650000 0.0069660000
-0.0404780000 -0.0484150000 0.0073640000
0.0399210000 0.0417220000 0.0125310000
-0.0620200000 0.0298280000 0.0101510000
-0.0056400000 -0.0208760000 0.0120400000
-0.0663070000 -0.0174170000 -0.0108430000
0.0709940000 -0.0427360000 -0.0129790000
0.0521460000 0.0733930000 -0.0085560000
-0.0233920000 0.0371770000 0.0111240000
0.0132590000 0.0152470000 0.0112000000
0.0210390000 -0.0134770000 -0.0124160000
-0.0864390000 0.0108020000 -0.0064100000
-0.0288210000 -0.0234540000 -0.0120260000
0.0149550000 0.0412890000 -0.0097540000
-0.0435120000 0.0147640000 -0.0115510000
-0.0178320000 0.0071710000 0.0138700000
0.0766010000 -0.0616830000 0.0087480000
-0.0126010000 -0.0457550000 -0.0020420000
-0.0787410000 -0.0296460000 0.0124380000
-0.0478480000 -0.0214510000 0.0113140000
-0.0655070000 0.0018720000 0.0101270000
-0.1031990000 -0.0101920000 -0.0141110000
0.0470980000 -0.0287630000 -0.0127330000
0.0685950000 0.0688670000 0.0130100000
0.0598420000 -0.0374740000 0.0114570000
-0.0437230000 0.0413370000 -0.0063440000
-0.0050930000 -0.0133400000 -0.0179790000
0.0448510000 0.0486890000 -0.0120140000
0.0107830000 -0.0352050000 -0.0031420000
0.0270830000 -0.0182040000 0.0117660000
-0.0566260000 -0.0407210000 -0.0103780000
-0.0400670000 0.0194700000 0.0119800000
-0.0084410000 0.0349780000 -0.0081790000
0.0513650000 -0.0538160000 -0.0041690000
0.0863250000 -0.0615590000 -0.0134530000
0.0119320000 0.0177290000 -0.0125470000
-0.0660260000 0.0223800000 -0.0120710000
0.0349030000 0.0632080000 0.0039780000
0.0049010000 -0.0035320000 0.0009290000
-0.0266070000 -0.0301570000 0.0120740000
0.0746490000 0.0762640000 -0.0110760000
-0.0872710000 -0.0259380000 -0.0090620000
0.0176370000 0.0374600000 0.0123140000
0.0645030000 0.0886700000 0.0040150000
-0.0317680000 -0.0449740000 -0.0121370000
-0.0026120000 0.0298250000 0.0120220000
