0.0444220000 0.0529450000 0.0002990000
-0.1023010000 -0.0163300000 0.0130800000
0.0978440000 -0.0701950000 -0.0003390000
-0.0021930000 -0.0397960000 -0.0014640000
-0.0407060000 0.0401700000 -0.0094680000
0.0545850000 -0.0330660000 -0.0127160000
0.0046200000 0.0145050000 0.0118830000
-0.0573310000 -0.0389010000 -0.0114660000
0.0869120000 0.0880240000 0.0025040000
-0.0792380000 0.0146450000 -0.0120920000
-0.0120600000 -0.0053110000 -0.0178790000
0.0274820000 -0.0175780000 0.0111910000
-0.0508470000 0.0113840000 0.0112290000
-0.0323620000 -0.0232500000 0.0114010000
0.0139510000 0.0397880000 -0.0101830000
0.0683760000 -0.0550990000 0.0101990000
-0.0682670000 -0.0175650000 0.0126870000
0.0571950000 0.0811550000 -0.0049470000
-0.0194660000 0.0339130000 0.0122410000
-0.0858570000 -0.0254830000 -0.0113880000
-0.0309290000 -0.0508900000 -0.0016870000
-0.0032390000 -0.0146470000 0.0161890000
0.0273000000 -0.0409950000 -0.0061670000
-0.0096240000 0.0229820000 -0.0123790000
0.0300540000 0.0310520000 0.0117380000
0.0829320000 -0.0501810000 -0.0133920000
0.0125290000 -0.0179660000 -0.0128540000
-0.1002300000 -0.0024540000 -0.0123050000
-0.0874450000 0.0060690000 0.0118850000
0.0467990000 -0.0400070000 0.0113670000
-0.0631330000 0.0312300000 -0.0001070000
-0.0235120000 -0.0285630000 -0.0123800000
