-0.0944750000 -0.0221900000 0.0105420000
0.0868520000 0.0879760000 0.0004340000
0.0901890000 -0.0717730000 -0.0016030000
0.0077640000 0.0121320000 -0.0127410000
-0.0274890000 -0.0508630000 0.0011980000
-0.0563550000 0.0363420000 0.0028530000
0.0355420000 -0.0408300000 0.0093870000
0.0354050000 0.0596410000 0.0098620000
-0.0555730000 -0.0186760000 -0.0104310000
-0.0124810000 -0.0110430000 0.0170430000
-0.0846800000 0.0107040000 -0.0121310000
-0.0165350000 0.0342660000 0.0115670000
0.0681430000 -0.0409640000 -0.0129500000
0.0057450000 -0.0287340000 -0.0123900000
0.0629180000 0.0650030000 -0.0114430000
-0.0326500000 0.0151740000 -0.0117580000
0.0252150000 0.0273160000 0.0120700000
-0.0622340000 0.0052590000 0.0111900000
0.0197630000 -0.0132870000 0.0114940000
-0.0241200000 -0.0190100000 -0.0110660000
-0.0553210000 -0.0410490000 0.0110960000
0.0370620000 0.0396970000 -0.0121390000
0.0344430000 -0.0213490000 -0.0127070000
-0.1040820000 -0.0102400000 -0.0137760000
0.0794730000 -0.0493670000 0.0112210000
0.0629530000 0.0795470000 0.0123150000
0.0063040000 0.0387850000 -0.0049260000
0.0014530000 0.0129590000 0.0153240000
-0.0065990000 -0.0366330000 0.0103860000
-0.0801950000 -0.0288930000 -0.0109480000
-0.0328550000 0.0412420000 -0.0080730000
-0.0330800000 -0.0273070000 0.0120570000
-0.0914400000 0.0034180000 0.0116930000
-0.0587740000 0.0153260000 -0.0122530000
-0.0690320000 -0.0193590000 0.0128550000
0.0556360000 -0.0553390000 0.0037740000
-0.0406720000 0.0185380000 0.0119400000
-0.0462930000 -0.0417240000 -0.0120760000
-0.0131230000 0.0015680000 -0.0181020000
0.0442660000 -0.0427100000 -0.0124340000
-0.0118460000 0.0258490000 -0.0123020000
0.0013550000 -0.0063260000 -0.0006340000
0.0876190000 -0.0523890000 -0.0129580000
-0.0200690000 0.0093030000 0.0096650000
0.0578670000 0.0575960000 0.0114130000
-0.0142240000 -0.0389560000 -0.0122290000
-0.0733500000 0.0222470000 0.0029970000
0.0564480000 -0.0345240000 0.0106720000
0.0668940000 0.0862560000 -0.0081200000
0.0147150000 -0.0339240000 0.0066970000
0.0419420000 0.0606220000 -0.0106550000
0.0225930000 0.0522310000 -0.0045830000
-0.0366310000 0.0386560000 0.0118990000
0.0717630000 -0.0633460000 -0.0058760000
-0.0863630000 -0.0101540000 -0.0037990000
0.0226180000 0.0256180000 -0.0100320000
0.0170380000 -0.0111530000 -0.0122550000
0.0402660000 0.0403630000 0.0111460000
0.0498730000 0.0762570000 -0.0021510000
0.0256190000 -0.0384490000 -0.0087430000
0.0965350000 -0.0583240000 0.0103850000
-0.0640470000 -0.0388670000 -0.0056810000
0.0065830000 0.0307590000 0.0119730000
0.0361340000 -0.0221730000 0.0101420000
-0.0505930000 -0.0209100000 0.0104040000
-0.0005100000 -0.0121680000 -0.0181360000
-0.0456640000 0.0283120000 -0.0119480000
0.0026890000 -0.0207830000 0.0119110000
-0.0694560000 0.0005090000 -0.0111090000
-0.1035980000 -0.0078030000 0.0042030000
0.1030200000 -0.0613070000 -0.0090100000
0.0227710000 0.0448840000 0.0116600000
0.0058260000 -0.0041510000 0.0172140000
-0.0577900000 0.0219730000 0.0122500000
-0.0399040000 -0.0260600000 -0.0092680000
-0.0762480000 -0.0043030000 0.0089750000
-0.0800710000 -0.0305110000 0.0062240000
0.0798360000 0.0793000000 0.0131700000
-0.0384400000 -0.0438500000 0.0119530000
-0.0080590000 -0.0263600000 -0.0028480000
-0.0168840000 0.0397820000 -0.0040190000
-0.0300890000 -0.0424420000 -0.0123940000
-0.0717700000 -0.0152690000 -0.0088780000
0.0723280000 0.0915900000 0.0061640000
-0.0227020000 -0.0400020000 0.0119390000
-0.0069490000 0.0069170000 -0.0039790000
-0.0040480000 0.0256450000 0.0014870000
-0.0176620000 -0.0237860000 0.0094810000
0.0242050000 -0.0233220000 0.0000440000
-0.0941950000 -0.0220390000 -0.0102080000
-0.0962520000 0.0014570000 -0.0068170000
0.0801380000 -0.0644570000 0.0077600000
-0.0641440000 0.0293980000 -0.0085310000
0.0569480000 -0.0517360000 -0.0111830000
0.0274000000 0.0365340000 -0.0003600000
-0.0779740000 0.0107500000 0.0119350000
0.0685660000 -0.0474390000 0.0008090000
0.0458120000 -0.0341690000 -0.0000450000
0.0477640000 0.0687990000 0.0108980000
0.0150500000 0.0164130000 0.0097460000
0.0412580000 0.0494930000 -0.0006510000
-0.0265660000 0.0233970000 0.0096400000
-0.0129620000 -0.0461480000 0.0007670000
0.0031900000 0.0261580000 -0.0123710000
0.0555850000 -0.0333020000 -0.0118330000
-0.0264440000 0.0284200000 -0.0120430000
0.0024970000 -0.0371710000 -0.0009000000
-0.0089060000 0.0030120000 0.0173010000
0.0424600000 -0.0498540000 0.0004910000
-0.0124170000 -0.0106750000 -0.0101350000
-0.0183870000 0.0131810000 -0.0100590000
0.0190300000 0.0396600000 -0.0116330000
-0.0056420000 0.0138100000 -0.0177960000
0.0800810000 0.0810960000 -0.0103470000
-0.0473340000 -0.0474100000 0.0009910000
-0.0675110000 -0.0338120000 0.0124630000
0.0527160000 0.0621710000 -0.0010450000
0.0102660000 -0.0205670000 -0.0007030000
-0.0121310000 0.0207990000 0.0122310000
-0.0730870000 0.0187820000 -0.0120510000
0.0197680000 -0.0261560000 -0.0129960000
-0.0428270000 0.0315790000 0.0013950000
-0.0835870000 0.0044650000 0.0002260000
-0.0824290000 -0.0161060000 0.0132660000
0.0631320000 0.0735540000 -0.0000530000
0.0010880000 0.0013850000 -0.0176580000
0.0677620000 0.0668900000 0.0118390000
0.0117600000 0.0214200000 -0.0030280000
