0.0142660000 -0.0321820000 0.0087970000
0.0844230000 0.0900250000 0.0009430000
-0.1039310000 -0.0076930000 -0.0132260000
0.1050220000 -0.0642980000 -0.0015820000
-0.0323610000 0.0441560000 0.0015350000
0.0370470000 0.0389560000 -0.0118820000
-0.0518780000 -0.0444040000 0.0084190000
0.0615820000 -0.0373430000 -0.0129370000
-0.0146970000 0.0003740000 -0.0180200000
-0.0616680000 0.0046360000 0.0107930000
0.0045620000 0.0244100000 0.0121930000
0.0502730000 0.0699570000 0.0114310000
-0.0183920000 -0.0397880000 -0.0124730000
-0.0840060000 -0.0257280000 0.0130610000
-0.0130530000 -0.0090020000 0.0175660000
-0.0601720000 0.0300720000 -0.0111000000
0.0739710000 -0.0586680000 0.0098060000
-0.0622460000 -0.0199120000 -0.0114020000
0.0344430000 -0.0213490000 -0.0127070000
-0.0322040000 0.0148840000 0.0116890000
0.0425420000 -0.0433930000 0.0099180000
-0.0915980000 0.0037200000 0.0115640000
-0.0111350000 0.0291740000 -0.0121560000
0.0679820000 0.0697470000 -0.0111930000
-0.0777030000 0.0078560000 -0.0127500000
0.0224480000 0.0462750000 0.0110280000
0.0168620000 0.0197330000 -0.0123410000
0.0073190000 -0.0160460000 -0.0127000000
-0.0275250000 -0.0319430000 0.0120770000
0.0846560000 -0.0516440000 -0.0135570000
-0.0514690000 0.0315650000 0.0126020000
-0.0358040000 0.0231330000 -0.0120770000
-0.0376290000 -0.0239430000 -0.0095550000
0.0065330000 0.0005580000 0.0058430000
-0.0551670000 -0.0201600000 0.0123000000
-0.0862900000 -0.0249890000 -0.0113860000
0.0446430000 0.0620990000 -0.0109370000
0.0464560000 0.0464170000 0.0114840000
0.0734100000 0.0727670000 0.0123990000
0.0347070000 -0.0216960000 0.0105480000
0.0082060000 0.0397010000 -0.0055610000
-0.0069230000 -0.0266160000 0.0020150000
-0.0400320000 -0.0466420000 -0.0107900000
-0.0169560000 0.0316470000 0.0124940000
-0.0550930000 0.0084710000 -0.0112930000
0.0556620000 -0.0561760000 -0.0028430000
-0.1026320000 -0.0149450000 0.0078180000
0.0640480000 -0.0387940000 0.0098770000
0.0276600000 -0.0411330000 -0.0061870000
-0.0739210000 0.0214420000 0.0040330000
0.0627900000 0.0875970000 0.0004180000
-0.0698140000 -0.0361680000 0.0004850000
0.0847860000 -0.0705260000 -0.0038660000
-0.0118030000 0.0106080000 0.0095000000
0.0251340000 0.0258140000 0.0103500000
0.0052780000 0.0037440000 -0.0171140000
-0.0259950000 -0.0502460000 0.0032880000
-0.0184920000 -0.0187120000 -0.0124100000
0.0269980000 0.0552430000 -0.0058240000
-0.0864880000 -0.0073210000 -0.0038150000
0.0927050000 -0.0558990000 0.0101990000
0.0175850000 -0.0137310000 0.0117060000
-0.0562340000 -0.0373620000 -0.0118740000
0.0447590000 -0.0349430000 -0.0064730000
0.0070540000 -0.0333190000 -0.0076870000
0.0351780000 0.0601250000 0.0092570000
-0.0444060000 0.0385860000 -0.0105400000
-0.0093360000 -0.0438500000 0.0020710000
-0.0206070000 0.0145360000 -0.0099590000
-0.0089460000 -0.0029080000 -0.0011020000
-0.0763590000 -0.0044550000 0.0101300000
0.0708850000 -0.0611740000 -0.0091900000
0.0509850000 0.0763520000 -0.0044280000
-0.0344020000 0.0314220000 0.0125270000
-0.0488840000 0.0152130000 0.0091650000
0.0010300000 -0.0160820000 0.0121810000
-0.0066250000 0.0375320000 0.0011960000
0.0007620000 0.0181720000 -0.0098460000
0.0235110000 0.0341890000 -0.0038170000
-0.0257520000 0.0363760000 -0.0114420000
