-0.0926080000 -0.0099940000 -0.0125590000
0.1052040000 -0.0638000000 0.0005710000
0.0713290000 0.0921800000 0.0006440000
0.0125750000 -0.0096020000 0.0106330000
-0.0404320000 0.0435450000 -0.0000350000
-0.0398350000 -0.0498520000 -0.0010870000
0.0230670000 0.0508410000 -0.0072870000
0.0499050000 -0.0490490000 -0.0106340000
-0.0162000000 0.0071580000 -0.0177060000
-0.0594390000 0.0061120000 0.0102550000
0.0570120000 0.0569780000 0.0122240000
-0.0036610000 0.0294750000 0.0121240000
-0.0720390000 -0.0321620000 0.0124240000
-0.0060710000 -0.0345270000 -0.0121670000
0.0769140000 -0.0468440000 0.0107300000
-0.0265710000 -0.0213940000 0.0111050000
-0.0514880000 -0.0200810000 -0.0111370000
0.0161900000 0.0186480000 -0.0120140000
0.0413990000 -0.0259670000 0.0113980000
-0.0639520000 0.0275540000 -0.0108920000
0.0232340000 -0.0259860000 -0.0129750000
-0.0303970000 0.0151030000 0.0106950000
-0.0887050000 0.0062620000 0.0115340000
0.0278220000 0.0298200000 0.0121570000
-0.0979690000 -0.0201330000 0.0130720000
0.0803650000 -0.0623320000 -0.0122610000
-0.0170730000 0.0343010000 -0.0114660000
0.0656690000 0.0681060000 -0.0114920000
0.0068310000 -0.0057270000 -0.0176420000
-0.0111080000 -0.0010290000 0.0174730000
-0.0702230000 0.0026280000 -0.0126460000
0.0481860000 0.0495460000 -0.0111140000
-0.0396490000 0.0205830000 -0.0120780000
-0.0169070000 -0.0444840000 0.0084320000
-0.0766640000 -0.0289210000 -0.0116060000
-0.0569010000 0.0302640000 0.0123000000
0.0096940000 -0.0334170000 0.0062510000
-0.0295100000 -0.0294830000 -0.0123100000
0.0439880000 0.0713160000 -0.0018930000
-0.0478020000 -0.0320140000 0.0122910000
0.0303200000 -0.0434720000 0.0009290000
0.0345300000 0.0519890000 0.0126600000
-0.0010440000 0.0087450000 -0.0007540000
0.0730850000 0.0731480000 0.0130220000
0.0540820000 -0.0447790000 0.0112330000
0.0454350000 -0.0272280000 -0.0117690000
-0.0139800000 -0.0135200000 -0.0099300000
0.0053650000 0.0374340000 -0.0064500000
0.0709390000 -0.0423190000 -0.0123230000
-0.0597430000 -0.0409740000 -0.0038920000
-0.0242750000 0.0358840000 0.0121250000
0.0853170000 -0.0667050000 0.0081180000
0.0637510000 -0.0602220000 0.0005300000
-0.0784490000 -0.0121770000 0.0120390000
-0.0059630000 -0.0195260000 0.0090990000
-0.0742010000 0.0199980000 0.0056410000
0.0310160000 0.0325020000 -0.0106450000
0.0133800000 0.0156270000 0.0116680000
-0.0885450000 0.0092740000 -0.0084040000
0.0156000000 0.0437620000 0.0085950000
