0.0800180000 0.0890370000 -0.0072140000
-0.1023010000 -0.0163300000 0.0130800000
0.0915820000 -0.0717050000 0.0006260000
0.0055180000 0.0024630000 -0.0174740000
-0.0532040000 0.0369660000 0.0078220000
-0.0395680000 -0.0497260000 0.0025090000
0.0311920000 0.0527710000 0.0115070000
0.0384690000 -0.0419500000 0.0095990000
-0.0693340000 0.0005590000 -0.0122150000
-0.0092630000 0.0335520000 0.0102940000
-0.0029450000 -0.0286640000 0.0118480000
0.0698620000 -0.0425620000 -0.0132540000
-0.0730290000 -0.0343940000 -0.0006660000
0.0583940000 0.0602830000 -0.0114140000
-0.0318170000 0.0151700000 -0.0115740000
-0.0274630000 -0.0207570000 -0.0114520000
0.0255800000 0.0293840000 -0.0124750000
0.0050710000 0.0036990000 0.0163230000
0.0302320000 -0.0188110000 -0.0124130000
-0.0476920000 -0.0215530000 0.0116210000
-0.0856670000 0.0086620000 0.0115480000
-0.0994380000 -0.0018670000 -0.0129570000
0.0621190000 0.0766010000 0.0130110000
-0.0548920000 0.0086700000 0.0111070000
-0.0299090000 0.0421540000 -0.0056750000
0.0797700000 -0.0494750000 0.0112000000
-0.0148680000 -0.0440800000 -0.0068740000
0.0164880000 0.0274690000 0.0122890000
-0.0203800000 0.0094540000 0.0115730000
0.0045440000 -0.0237590000 -0.0127860000
