0.0040940000 -0.0345340000 -0.0066960000
0.0850540000 0.0896300000 0.0019750000
-0.1044080000 -0.0097980000 0.0114850000
0.1052040000 -0.0638000000 0.0005710000
-0.0350790000 0.0441190000 0.0021470000
0.0360130000 0.0376310000 -0.0114060000
-0.0565510000 -0.0414960000 -0.0094800000
0.0575850000 -0.0354770000 0.0111510000
0.0016040000 0.0110450000 0.0172430000
-0.0646540000 0.0074620000 -0.0125360000
0.0492520000 0.0702490000 0.0109130000
-0.0165870000 0.0040190000 -0.0181180000
-0.0285370000 -0.0222390000 0.0117530000
0.0718610000 -0.0592370000 -0.0114240000
-0.0696750000 -0.0172820000 0.0127530000
0.0009630000 0.0336980000 -0.0096210000
0.0360070000 -0.0222300000 -0.0125570000
-0.0433850000 0.0140590000 0.0110950000
-0.0252490000 -0.0491790000 -0.0058530000
-0.0885040000 -0.0244940000 -0.0112400000
0.0185090000 -0.0141350000 0.0117060000
-0.0826530000 0.0112690000 0.0115580000
0.0198250000 0.0337690000 0.0124980000
0.0679010000 0.0701170000 -0.0113670000
-0.0611340000 0.0329660000 -0.0005140000
0.0088660000 -0.0077250000 -0.0144680000
-0.0943720000 0.0028380000 -0.0124730000
0.0301410000 -0.0393600000 0.0085080000
0.0471830000 -0.0470170000 -0.0110740000
0.0839130000 -0.0517630000 0.0111140000
-0.0138050000 0.0320220000 0.0122410000
-0.0186100000 -0.0218290000 -0.0124680000
-0.0344990000 0.0223330000 -0.0121110000
0.0278270000 0.0572420000 0.0038920000
-0.0427860000 -0.0438160000 0.0119460000
-0.0058800000 -0.0129640000 0.0174230000
-0.0629370000 -0.0173600000 -0.0109560000
0.0464140000 0.0592900000 -0.0115670000
-0.0115170000 -0.0390430000 0.0107480000
0.0728580000 0.0719640000 0.0119490000
-0.0204850000 0.0097200000 0.0096400000
0.0472870000 0.0471000000 0.0114540000
-0.0411750000 -0.0244040000 -0.0093360000
0.0199840000 0.0217440000 -0.0111160000
0.0630740000 0.0878440000 0.0003660000
-0.0623540000 0.0036740000 0.0095120000
-0.0007980000 0.0089260000 -0.0041380000
-0.0635330000 -0.0378490000 0.0108280000
0.0628240000 -0.0561530000 0.0078790000
-0.0894290000 -0.0250460000 0.0104500000
0.0851880000 -0.0706790000 0.0004810000
-0.0494520000 -0.0223680000 0.0112410000
0.0920130000 -0.0543570000 -0.0125490000
-0.0194830000 0.0371700000 -0.0096070000
0.0661880000 -0.0395600000 -0.0119950000
0.0173570000 0.0451550000 -0.0081450000
-0.0868060000 -0.0071660000 0.0027210000
0.0231630000 -0.0363660000 -0.0096850000
-0.0469630000 0.0331630000 0.0127080000
0.0045980000 -0.0281310000 0.0117120000
-0.0754020000 0.0203410000 -0.0035140000
-0.1032980000 -0.0131590000 -0.0074160000
-0.0732880000 -0.0338940000 -0.0049880000
-0.0462300000 0.0368740000 -0.0112500000
