0.0069550000 -0.0324230000 -0.0171450000
-0.0240090000 0.0362210000 0.0334350000
0.0253980000 0.0352630000 -0.0160530000
0.0246650000 -0.0016740000 0.0325230000
-0.0250000000 -0.0377560000 0.0335980000
-0.0245030000 0.0125830000 -0.0160110000
0.0152770000 0.0366450000 0.0231360000
0.0135810000 -0.0379160000 0.0219460000
-0.0252640000 -0.0008130000 0.0206310000
0.0250860000 -0.0012070000 -0.0056190000
-0.0258450000 -0.0293660000 -0.0018370000
-0.0109160000 0.0378910000 0.0019010000
-0.0016140000 0.0133720000 0.0329770000
-0.0030550000 -0.0159200000 0.0326700000
0.0042180000 0.0157240000 -0.0163330000
-0.0109980000 -0.0115160000 -0.0167270000
0.0248580000 -0.0263590000 0.0011700000
0.0258300000 0.0156920000 0.0137360000
-0.0035660000 -0.0377040000 0.0044730000
-0.0249850000 0.0220690000 0.0132800000
-0.0245370000 0.0372440000 -0.0165440000
0.0021670000 0.0378670000 -0.0160930000
-0.0251660000 -0.0045110000 -0.0011850000
-0.0256690000 -0.0222430000 0.0186890000
0.0253080000 -0.0199750000 0.0215970000
0.0138540000 0.0370550000 0.0017310000
-0.0058710000 0.0366920000 0.0225180000
0.0101760000 -0.0115270000 -0.0164440000
-0.0040540000 -0.0381220000 0.0332320000
-0.0134350000 -0.0366720000 -0.0169570000
