0.0250620000 0.0367530000 0.0196120000
-0.0251030000 -0.0370040000 -0.0163160000
0.0246540000 -0.0319570000 0.0324180000
-0.0245360000 0.0252470000 -0.0160100000
-0.0252550000 -0.0036330000 0.0335540000
0.0249980000 -0.0055880000 -0.0168850000
-0.0173630000 0.0369530000 0.0241410000
-0.0123900000 -0.0380230000 0.0207030000
0.0124590000 0.0361180000 -0.0168440000
0.0121180000 0.0037610000 0.0328200000
0.0105270000 -0.0376280000 -0.0076960000
-0.0095780000 -0.0060500000 -0.0166950000
-0.0254030000 -0.0155850000 0.0063040000
0.0254020000 -0.0112700000 0.0115850000
-0.0249680000 0.0128550000 0.0100840000
0.0256580000 0.0168130000 -0.0001870000
0.0022740000 0.0371800000 0.0070860000
0.0017720000 -0.0166490000 0.0211420000
0.0049730000 0.0282700000 0.0327140000
0.0074060000 0.0119360000 -0.0163150000
0.0101400000 -0.0378350000 0.0153860000
-0.0247710000 0.0381490000 0.0027260000
-0.0143070000 0.0163580000 0.0333640000
-0.0253130000 -0.0257490000 0.0337020000
-0.0059750000 -0.0272470000 -0.0169700000
0.0259390000 0.0154520000 0.0211970000
-0.0081280000 0.0382350000 -0.0116820000
-0.0258150000 -0.0369260000 0.0046680000
0.0246910000 -0.0228290000 -0.0054640000
-0.0249880000 0.0054750000 -0.0094610000
-0.0052520000 0.0025350000 0.0213280000
0.0251160000 -0.0116630000 0.0319870000
0.0250840000 0.0367850000 -0.0013260000
0.0025090000 -0.0328380000 0.0329450000
-0.0065010000 -0.0376780000 0.0018680000
-0.0252010000 -0.0173000000 -0.0135420000
0.0080030000 -0.0142870000 -0.0165170000
-0.0105480000 0.0136300000 -0.0167040000
0.0246720000 -0.0372190000 0.0050690000
0.0254680000 0.0237810000 -0.0165930000
-0.0111330000 -0.0143960000 0.0332830000
0.0253770000 -0.0000020000 -0.0008120000
-0.0031090000 0.0191110000 0.0212480000
-0.0252120000 -0.0025820000 0.0167420000
0.0243030000 -0.0352070000 -0.0167360000
0.0217000000 0.0269390000 0.0325760000
-0.0258880000 -0.0271500000 0.0175060000
-0.0250160000 0.0224360000 0.0230400000
0.0250790000 -0.0265270000 0.0170460000
0.0118760000 -0.0201730000 0.0329570000
0.0003120000 0.0259080000 -0.0165800000
-0.0019380000 0.0367020000 0.0219760000
0.0257180000 -0.0001210000 0.0218240000
-0.0249420000 0.0234430000 -0.0007550000
0.0250420000 0.0090990000 -0.0131800000
0.0020190000 -0.0073290000 0.0328790000
-0.0120730000 0.0376470000 0.0102460000
-0.0006400000 0.0107740000 0.0329400000
-0.0225210000 0.0388250000 -0.0115650000
-0.0116390000 -0.0306220000 0.0331070000
-0.0255460000 -0.0146340000 0.0243750000
-0.0251820000 0.0085760000 0.0261060000
-0.0091570000 0.0295900000 0.0330820000
-0.0249080000 -0.0381280000 0.0270830000
-0.0251730000 -0.0021000000 0.0023430000
-0.0123800000 0.0022390000 0.0333850000
0.0259400000 0.0268560000 0.0098010000
0.0129440000 -0.0272680000 -0.0168190000
0.0117520000 0.0367050000 0.0240920000
0.0160130000 0.0368390000 0.0090220000
0.0119760000 -0.0010320000 -0.0163540000
-0.0127080000 -0.0376070000 -0.0105270000
0.0249300000 0.0082580000 0.0325850000
0.0256910000 0.0075160000 0.0103040000
0.0108100000 0.0372520000 -0.0033430000
-0.0257490000 -0.0274820000 -0.0047990000
-0.0244450000 0.0307350000 0.0336070000
0.0124230000 0.0169920000 0.0327430000
-0.0253850000 0.0323180000 0.0144670000
0.0252900000 0.0367790000 -0.0146160000
-0.0225400000 -0.0049840000 -0.0168680000
0.0139340000 -0.0381100000 0.0284570000
0.0213870000 -0.0178410000 -0.0166440000
0.0128010000 0.0233550000 -0.0163460000
-0.0121810000 0.0272310000 -0.0167800000
0.0014820000 -0.0372850000 -0.0163640000
-0.0021890000 0.0039750000 -0.0164710000
0.0060150000 -0.0376880000 0.0037500000
0.0240980000 -0.0379880000 0.0213880000
-0.0001180000 -0.0379540000 0.0221320000
