-0.0063800000 -0.0263460000 -0.0169930000
0.0253520000 0.0359240000 0.0323850000
-0.0246170000 0.0386460000 -0.0131320000
-0.0250480000 0.0005290000 0.0338130000
0.0241690000 -0.0377410000 0.0324840000
0.0258190000 0.0159080000 -0.0167360000
-0.0237860000 -0.0383260000 0.0188740000
-0.0132260000 0.0366870000 0.0244430000
0.0256670000 -0.0010110000 0.0189640000
-0.0250140000 0.0027310000 -0.0032360000
0.0244570000 -0.0374600000 -0.0031730000
0.0063540000 0.0373640000 -0.0015530000
-0.0013160000 -0.0166060000 0.0212140000
0.0028000000 0.0126890000 0.0328540000
0.0190070000 -0.0122690000 -0.0165090000
-0.0028120000 0.0147600000 -0.0165410000
0.0258770000 0.0232800000 0.0088570000
-0.0003710000 -0.0376800000 0.0057480000
-0.0028850000 -0.0387970000 0.0331880000
-0.0256570000 -0.0226380000 -0.0007870000
-0.0249170000 0.0247580000 0.0067400000
0.0251860000 -0.0233230000 0.0146000000
-0.0206180000 -0.0214230000 0.0331970000
0.0170250000 -0.0151210000 0.0329050000
0.0251280000 0.0368140000 -0.0118960000
-0.0102450000 -0.0053170000 -0.0166960000
-0.0250010000 -0.0369450000 -0.0165670000
0.0081250000 0.0367390000 0.0200590000
0.0244130000 0.0149210000 0.0326550000
-0.0249020000 0.0215210000 0.0333070000
-0.0252360000 -0.0082060000 0.0146350000
0.0253750000 0.0012820000 -0.0017370000
-0.0232510000 0.0182700000 -0.0168120000
-0.0056900000 0.0344360000 -0.0170130000
0.0104760000 -0.0366400000 -0.0171620000
-0.0114170000 0.0378460000 0.0049510000
-0.0069970000 -0.0036870000 0.0332290000
-0.0251790000 0.0105030000 0.0183540000
0.0143860000 -0.0378200000 0.0169910000
0.0107250000 0.0267920000 -0.0164690000
0.0119240000 0.0042970000 -0.0163220000
0.0056550000 0.0000210000 0.0208640000
-0.0168080000 -0.0379510000 -0.0006890000
-0.0238900000 -0.0162120000 -0.0169220000
0.0247970000 -0.0203690000 -0.0024370000
-0.0028320000 0.0236620000 0.0211050000
0.0115280000 0.0266130000 0.0326260000
0.0244570000 -0.0283380000 -0.0166370000
0.0162240000 0.0010140000 0.0328450000
0.0103500000 -0.0297520000 0.0329410000
0.0032200000 -0.0137790000 -0.0165430000
-0.0131800000 0.0111210000 0.0334020000
0.0250230000 0.0367750000 0.0167510000
-0.0002900000 0.0367280000 0.0331680000
-0.0185570000 -0.0379930000 0.0334750000
-0.0256550000 -0.0230360000 0.0185640000
-0.0084500000 -0.0379170000 0.0186430000
-0.0245950000 0.0376510000 0.0145420000
0.0207200000 0.0367470000 0.0024570000
-0.0061420000 -0.0243620000 0.0327260000
-0.0020740000 -0.0375060000 -0.0086830000
-0.0107350000 0.0253060000 0.0331690000
0.0253630000 -0.0101860000 0.0076750000
-0.0243680000 0.0358280000 0.0334350000
