-0.0024390000 -0.0135390000 -0.0166320000
0.0253520000 0.0359240000 0.0323850000
0.0226700000 -0.0386610000 0.0329390000
-0.0250090000 0.0380760000 0.0011220000
-0.0249510000 -0.0072790000 0.0337010000
0.0247780000 0.0280360000 -0.0166590000
0.0256290000 -0.0019500000 0.0127120000
-0.0246330000 -0.0381240000 0.0071600000
0.0242630000 -0.0375830000 -0.0049530000
-0.0104690000 0.0267460000 0.0331520000
-0.0250190000 0.0040950000 0.0015090000
0.0060220000 0.0370760000 0.0074550000
-0.0058060000 0.0209020000 -0.0165800000
0.0006470000 -0.0198950000 0.0209820000
0.0248390000 -0.0016470000 -0.0168790000
0.0071220000 0.0047590000 0.0327760000
-0.0157140000 -0.0384520000 0.0333360000
-0.0245110000 -0.0278220000 -0.0170160000
-0.0019290000 -0.0374680000 -0.0060190000
0.0259530000 0.0228360000 0.0112180000
0.0215090000 -0.0145600000 0.0328290000
-0.0254520000 -0.0159210000 0.0125540000
-0.0251270000 0.0125390000 0.0225850000
0.0250610000 -0.0244030000 0.0130260000
-0.0228830000 -0.0064930000 -0.0169130000
0.0259450000 0.0146620000 0.0308320000
0.0085830000 -0.0378010000 0.0125030000
0.0172150000 -0.0215090000 -0.0166800000
0.0062940000 0.0377640000 -0.0151160000
-0.0250360000 0.0363440000 0.0219060000
0.0064430000 0.0218150000 0.0212820000
-0.0248870000 0.0209800000 -0.0099770000
-0.0159040000 0.0381410000 -0.0166930000
0.0057630000 0.0046600000 -0.0163520000
0.0035230000 -0.0354160000 0.0328840000
0.0254560000 0.0127520000 -0.0046860000
-0.0114930000 0.0055150000 0.0333950000
0.0250190000 -0.0131150000 -0.0021450000
0.0052750000 0.0364530000 0.0325520000
0.0225790000 0.0367280000 -0.0004780000
-0.0127030000 -0.0205440000 0.0332270000
-0.0091240000 -0.0379310000 0.0162000000
-0.0075450000 0.0369070000 0.0184960000
-0.0249440000 0.0217550000 0.0077420000
-0.0030300000 -0.0030300000 0.0212410000
-0.0259410000 -0.0294710000 0.0229630000
0.0116680000 -0.0374940000 -0.0162610000
-0.0084420000 0.0379150000 -0.0016850000
-0.0254380000 -0.0171310000 -0.0039980000
-0.0109160000 0.0051240000 -0.0167050000
0.0192990000 0.0366790000 0.0169960000
0.0104600000 0.0203140000 -0.0162910000
-0.0086930000 -0.0281670000 -0.0170480000
0.0057890000 -0.0108910000 0.0329030000
-0.0180310000 -0.0378650000 -0.0070450000
0.0255750000 -0.0004820000 0.0280710000
-0.0252360000 -0.0023840000 0.0193440000
-0.0250500000 0.0232970000 0.0330700000
0.0153960000 0.0249390000 0.0326020000
0.0220930000 -0.0377760000 0.0183110000
