0.0085180000 0.0204520000 -0.0163100000
-0.0246180000 -0.0383080000 0.0335750000
-0.0241640000 0.0357990000 0.0336250000
0.0243260000 -0.0375160000 -0.0035840000
0.0248340000 0.0031060000 0.0325970000
-0.0244970000 -0.0212990000 -0.0166690000
-0.0252100000 -0.0013290000 0.0181080000
-0.0253170000 0.0379410000 -0.0058860000
0.0116760000 0.0367600000 0.0187490000
0.0139170000 -0.0383700000 0.0333450000
0.0252300000 -0.0039670000 -0.0003830000
-0.0071690000 -0.0377870000 0.0056030000
-0.0208220000 0.0093600000 -0.0168930000
-0.0036640000 0.0135570000 0.0330330000
0.0051030000 -0.0189930000 -0.0165930000
-0.0047100000 -0.0159130000 0.0331700000
