-0.0250310000 -0.0268910000 -0.0161850000
0.0256510000 0.0357870000 0.0322550000
0.0245960000 -0.0363740000 0.0324110000
-0.0242640000 0.0388280000 -0.0108200000
0.0253920000 0.0032000000 -0.0167260000
-0.0249220000 0.0020360000 0.0338190000
0.0156450000 -0.0376020000 -0.0095470000
-0.0170980000 -0.0380900000 0.0236630000
0.0138820000 0.0371790000 -0.0039850000
0.0130900000 -0.0000600000 0.0328380000
-0.0116780000 0.0365990000 0.0249380000
-0.0104550000 0.0060170000 -0.0166280000
0.0252890000 -0.0144640000 0.0085730000
-0.0248950000 0.0153900000 0.0074460000
0.0258270000 0.0151020000 0.0112180000
-0.0254030000 -0.0141630000 0.0100980000
0.0027310000 -0.0211570000 0.0209700000
0.0059590000 -0.0143450000 -0.0165050000
-0.0084240000 -0.0377010000 -0.0003620000
0.0042780000 0.0191300000 0.0210700000
-0.0039310000 0.0286490000 -0.0167230000
-0.0155810000 -0.0181610000 0.0333000000
-0.0061940000 -0.0004100000 0.0219690000
-0.0070850000 0.0376270000 0.0033900000
0.0146180000 -0.0377580000 0.0124640000
0.0024600000 -0.0388810000 0.0332440000
0.0257830000 0.0244860000 -0.0162340000
-0.0248630000 0.0228280000 0.0334210000
-0.0251180000 -0.0071550000 -0.0098090000
0.0253600000 -0.0160340000 0.0291640000
0.0260770000 0.0355730000 0.0120600000
0.0258560000 0.0155350000 0.0313380000
0.0245260000 -0.0195830000 -0.0110590000
-0.0254270000 0.0350080000 0.0105470000
-0.0248230000 0.0190210000 -0.0120610000
0.0080990000 0.0128540000 -0.0162970000
0.0061260000 0.0348200000 0.0327380000
-0.0260060000 -0.0333040000 0.0070100000
-0.0011230000 -0.0321570000 -0.0171670000
0.0077370000 0.0368960000 0.0142340000
-0.0088740000 0.0138200000 0.0332460000
0.0256460000 -0.0005120000 0.0198880000
-0.0114920000 -0.0157440000 -0.0168240000
0.0253970000 0.0012250000 0.0005150000
-0.0021340000 -0.0378240000 0.0154810000
-0.0251790000 0.0014050000 0.0169040000
0.0246860000 -0.0299190000 0.0019730000
0.0005400000 -0.0104310000 0.0329580000
0.0127620000 -0.0253240000 0.0329340000
-0.0257500000 -0.0246520000 0.0226140000
0.0250540000 -0.0275300000 0.0183650000
0.0257740000 0.0256730000 -0.0003890000
0.0112640000 0.0292290000 -0.0166390000
-0.0148260000 -0.0375850000 -0.0144770000
-0.0250740000 0.0013790000 0.0022380000
-0.0255350000 -0.0219280000 -0.0024620000
-0.0255020000 -0.0104310000 0.0257610000
0.0113310000 0.0143790000 0.0328090000
0.0024390000 -0.0003370000 -0.0164330000
0.0057230000 -0.0376300000 0.0007400000
-0.0250390000 0.0238230000 0.0191180000
-0.0091560000 -0.0309300000 0.0330590000
-0.0244180000 0.0055500000 -0.0161390000
0.0254280000 0.0132050000 -0.0066920000
0.0259340000 0.0251150000 0.0212360000
-0.0251240000 0.0279290000 -0.0013380000
0.0134950000 -0.0260220000 -0.0167820000
-0.0248210000 0.0358810000 0.0289900000
-0.0127780000 -0.0044240000 0.0334060000
-0.0054940000 0.0271360000 0.0330150000
-0.0258470000 -0.0368050000 -0.0062410000
-0.0250080000 -0.0328670000 0.0335200000
0.0184980000 -0.0085970000 -0.0164340000
0.0005350000 0.0377230000 -0.0078650000
-0.0174250000 0.0291120000 -0.0170180000
0.0254480000 0.0366720000 -0.0107130000
-0.0251720000 0.0118460000 0.0251590000
0.0013120000 0.0059900000 0.0308500000
0.0132840000 -0.0379990000 0.0259940000
0.0166650000 0.0262560000 0.0325620000
