0.0256050000 0.0219410000 -0.0050550000
-0.0248320000 -0.0382410000 0.0334970000
-0.0245060000 0.0355660000 0.0334070000
0.0118220000 -0.0374030000 -0.0164720000
-0.0247490000 0.0031480000 -0.0148770000
0.0249300000 -0.0171210000 0.0323120000
0.0169600000 0.0361020000 0.0328460000
-0.0259330000 -0.0350910000 -0.0057960000
-0.0110460000 -0.0013250000 0.0333830000
-0.0101090000 0.0380160000 -0.0030610000
0.0080260000 -0.0041140000 -0.0164180000
0.0038710000 -0.0378390000 0.0163820000
-0.0249860000 0.0144930000 0.0124980000
0.0250510000 -0.0191700000 0.0026890000
0.0258360000 0.0102450000 0.0221800000
-0.0254080000 -0.0136250000 0.0123920000
-0.0000090000 0.0194470000 0.0204840000
0.0027980000 0.0207300000 -0.0163930000
-0.0122600000 -0.0179700000 -0.0168820000
0.0123400000 0.0368890000 0.0088220000
-0.0060950000 -0.0241170000 0.0324300000
-0.0240160000 0.0259440000 -0.0165860000
0.0193660000 -0.0386220000 0.0323340000
0.0106130000 -0.0007270000 0.0328330000
-0.0253770000 0.0361880000 0.0120130000
-0.0047770000 -0.0376020000 -0.0031270000
0.0254360000 0.0020320000 0.0023380000
0.0157680000 0.0373620000 -0.0157790000
-0.0181290000 -0.0381730000 0.0135510000
-0.0257290000 -0.0164520000 0.0332180000
-0.0247560000 0.0146060000 0.0337220000
0.0242600000 -0.0377680000 0.0120600000
-0.0038060000 0.0367020000 0.0328640000
0.0245320000 -0.0154330000 -0.0168920000
0.0251350000 0.0060650000 -0.0168920000
0.0259490000 0.0284320000 0.0179540000
-0.0052000000 0.0370760000 0.0145950000
0.0134480000 0.0183730000 0.0327490000
-0.0253090000 -0.0123590000 -0.0056420000
-0.0070500000 0.0057530000 -0.0165900000
0.0255130000 -0.0075360000 0.0172070000
0.0050030000 -0.0212830000 -0.0166560000
-0.0252660000 0.0006060000 0.0230020000
0.0243290000 -0.0355150000 -0.0049410000
0.0024480000 -0.0387930000 0.0333450000
-0.0004110000 -0.0031710000 0.0204150000
-0.0135870000 -0.0348790000 -0.0171460000
0.0058930000 -0.0205640000 0.0212880000
-0.0008960000 0.0372280000 -0.0169220000
-0.0249950000 0.0251110000 -0.0000720000
