0.0034070000 -0.0026050000 -0.0164550000
-0.0240880000 0.0360200000 0.0335670000
-0.0246180000 -0.0383080000 0.0335750000
0.0253120000 0.0113890000 0.0323170000
0.0243510000 -0.0377670000 0.0155690000
-0.0242770000 0.0385060000 -0.0161560000
0.0254730000 0.0366200000 -0.0063180000
-0.0252010000 -0.0374440000 -0.0118320000
-0.0251960000 -0.0012580000 0.0140610000
0.0021980000 -0.0153240000 0.0327260000
0.0100570000 -0.0372700000 -0.0167730000
0.0067250000 0.0367240000 0.0212290000
0.0253870000 -0.0071620000 0.0061950000
-0.0247510000 0.0081280000 -0.0148300000
-0.0050850000 -0.0377970000 0.0105340000
-0.0059610000 0.0130440000 0.0331160000
0.0011840000 0.0257680000 -0.0165510000
-0.0249840000 0.0256580000 0.0082100000
0.0258320000 0.0118330000 -0.0165020000
0.0242710000 -0.0165390000 -0.0169580000
0.0258230000 0.0172240000 0.0084840000
-0.0175560000 -0.0149670000 -0.0169130000
-0.0256940000 -0.0250730000 0.0090660000
0.0077190000 -0.0388120000 0.0330220000
-0.0215650000 -0.0147740000 0.0332860000
0.0253070000 -0.0171730000 0.0277140000
-0.0063970000 0.0376570000 0.0018660000
0.0261280000 0.0339900000 0.0319410000
-0.0252220000 0.0057150000 0.0336880000
0.0054320000 0.0010930000 0.0207560000
0.0244970000 -0.0317880000 -0.0037600000
0.0243200000 0.0367190000 0.0129380000
-0.0080320000 -0.0313400000 -0.0171620000
-0.0117780000 0.0370210000 0.0196200000
0.0102160000 0.0225780000 0.0326810000
-0.0083840000 -0.0300790000 0.0330860000
-0.0251900000 -0.0059520000 -0.0033960000
0.0056310000 -0.0201800000 -0.0166240000
-0.0160610000 0.0231430000 -0.0168090000
0.0243840000 -0.0339330000 0.0325420000
-0.0249700000 0.0206500000 0.0250900000
0.0166280000 -0.0033990000 0.0328660000
0.0089950000 -0.0377320000 0.0008940000
0.0107180000 0.0371290000 0.0027630000
-0.0095270000 -0.0032280000 0.0333270000
-0.0048280000 0.0299700000 0.0329660000
-0.0249330000 0.0102460000 0.0020270000
0.0177780000 0.0262220000 -0.0165570000
-0.0200560000 -0.0381960000 0.0174020000
-0.0083600000 0.0086510000 -0.0166200000
0.0256560000 0.0038040000 0.0180750000
0.0097080000 0.0122280000 -0.0162640000
0.0251110000 -0.0229380000 0.0096270000
0.0249900000 -0.0024800000 -0.0089990000
-0.0084440000 0.0382920000 -0.0151880000
0.0001650000 0.0207150000 0.0207000000
-0.0218260000 0.0385690000 -0.0007070000
-0.0119510000 -0.0377490000 -0.0033840000
0.0087630000 -0.0378780000 0.0174420000
-0.0255540000 -0.0229030000 -0.0060960000
0.0008390000 -0.0255320000 0.0215270000
-0.0257990000 -0.0261170000 0.0244150000
0.0259950000 0.0225560000 0.0224350000
0.0093230000 0.0375140000 -0.0125090000
0.0130090000 -0.0250010000 0.0329430000
0.0255890000 0.0212220000 -0.0053990000
-0.0251050000 -0.0379310000 0.0025510000
0.0081340000 0.0084170000 0.0328060000
-0.0250580000 0.0256840000 -0.0059670000
0.0241150000 -0.0369500000 -0.0167400000
-0.0253480000 0.0336930000 0.0197500000
0.0248630000 -0.0178860000 -0.0030770000
-0.0253750000 -0.0141400000 0.0181250000
0.0255140000 0.0057970000 0.0014900000
-0.0031050000 -0.0379470000 0.0238220000
0.0130550000 0.0358860000 0.0327770000
-0.0096450000 -0.0044770000 -0.0166870000
-0.0250670000 0.0119780000 0.0150370000
-0.0151850000 0.0223030000 0.0333510000
0.0155560000 -0.0070470000 -0.0164160000
-0.0001850000 -0.0375150000 -0.0083660000
-0.0254820000 -0.0047700000 0.0266460000
-0.0242850000 -0.0043560000 -0.0164900000
0.0166180000 -0.0264930000 -0.0167810000
-0.0201760000 -0.0272480000 -0.0171150000
0.0255610000 -0.0088420000 0.0186440000
-0.0098250000 -0.0179250000 0.0332230000
-0.0066090000 0.0004460000 0.0222140000
0.0258850000 0.0293850000 0.0035900000
-0.0056350000 -0.0160770000 -0.0167510000
0.0251530000 -0.0272730000 0.0213760000
-0.0253970000 -0.0135350000 0.0057700000
-0.0017740000 0.0370620000 0.0127960000
-0.0192760000 0.0380050000 0.0108910000
0.0052250000 -0.0042180000 0.0309740000
-0.0144990000 -0.0381280000 0.0275930000
0.0197150000 -0.0376310000 0.0050020000
0.0192770000 0.0366090000 0.0230910000
0.0175920000 0.0040070000 -0.0163470000
-0.0188020000 -0.0259400000 0.0331980000
