-0.0197460000 -0.0379870000 -0.0024310000
0.0254670000 0.0360420000 0.0320940000
-0.0245350000 0.0305610000 -0.0163520000
0.0253280000 -0.0018460000 -0.0165460000
0.0246100000 -0.0308850000 0.0325320000
-0.0249610000 0.0048880000 0.0338110000
0.0155690000 0.0371570000 -0.0082180000
0.0184710000 -0.0375740000 -0.0046480000
-0.0104400000 0.0369860000 0.0195710000
-0.0119100000 -0.0044650000 -0.0167280000
-0.0126350000 -0.0300950000 0.0331430000
0.0111600000 0.0029500000 0.0328260000
0.0258250000 0.0145620000 0.0091440000
-0.0252570000 -0.0109660000 0.0086690000
0.0253120000 -0.0138740000 0.0098770000
-0.0249390000 0.0167860000 0.0076380000
-0.0011700000 0.0191200000 -0.0164580000
-0.0014680000 -0.0277920000 -0.0169780000
0.0055860000 -0.0378630000 0.0170640000
0.0016960000 -0.0155870000 0.0221520000
-0.0059310000 0.0184970000 0.0330280000
-0.0070840000 0.0379090000 -0.0033350000
0.0117600000 0.0368470000 0.0142610000
-0.0245500000 -0.0221630000 -0.0166770000
0.0255360000 0.0198800000 -0.0167010000
-0.0248320000 0.0287030000 0.0332150000
-0.0260570000 -0.0319100000 0.0168550000
0.0182530000 -0.0210310000 -0.0166700000
-0.0255610000 -0.0148170000 0.0288290000
-0.0253570000 0.0370280000 0.0057750000
-0.0248560000 0.0107300000 -0.0120370000
0.0254280000 -0.0109970000 0.0297610000
0.0045700000 0.0360060000 0.0329290000
0.0258600000 0.0161920000 0.0295230000
-0.0051510000 0.0027960000 0.0213220000
0.0248410000 -0.0370680000 0.0139240000
0.0063890000 0.0011840000 -0.0163900000
-0.0006740000 -0.0376040000 -0.0007980000
0.0065320000 -0.0295100000 0.0329510000
0.0258840000 0.0318640000 0.0049070000
