0.0236020000 -0.0178530000 0.0327090000
-0.0244830000 0.0383620000 -0.0161420000
-0.0253900000 -0.0365380000 -0.0165460000
0.0258600000 0.0367740000 0.0128350000
-0.0248150000 0.0114180000 0.0337650000
0.0151700000 -0.0044600000 -0.0163820000
-0.0236130000 -0.0385430000 0.0333970000
-0.0249960000 0.0006960000 -0.0042130000
0.0085690000 -0.0377150000 0.0027960000
-0.0094210000 0.0371710000 0.0154720000
0.0090770000 0.0296380000 -0.0166150000
0.0095300000 0.0138740000 0.0328010000
-0.0065040000 -0.0130930000 0.0331560000
0.0256750000 0.0072420000 0.0088070000
0.0048330000 -0.0389120000 0.0330850000
-0.0256590000 -0.0243720000 0.0088350000
-0.0085980000 -0.0160930000 -0.0167750000
0.0242970000 -0.0292820000 -0.0167990000
0.0252610000 -0.0186710000 0.0070480000
-0.0054800000 0.0096150000 -0.0165350000
-0.0249720000 0.0195190000 0.0106300000
-0.0243800000 0.0350980000 0.0336690000
0.0244550000 -0.0377970000 0.0205770000
0.0135800000 0.0366930000 0.0326070000
-0.0094030000 -0.0379910000 0.0159450000
-0.0251810000 -0.0039240000 0.0175350000
0.0258870000 0.0151450000 -0.0166000000
-0.0017220000 -0.0370620000 -0.0167620000
-0.0068360000 0.0379400000 -0.0051140000
-0.0244270000 0.0177330000 -0.0159650000
-0.0038440000 0.0035300000 0.0210900000
0.0255680000 0.0020900000 0.0286280000
-0.0055940000 0.0274060000 0.0330170000
0.0258820000 0.0358680000 -0.0072870000
-0.0256630000 -0.0187100000 0.0332440000
-0.0249880000 0.0379060000 0.0035090000
0.0259760000 0.0218610000 0.0256960000
0.0050890000 -0.0233920000 0.0214720000
0.0078260000 0.0370670000 0.0068340000
-0.0254090000 -0.0190570000 -0.0090490000
-0.0137600000 -0.0378700000 -0.0020880000
0.0092840000 -0.0043720000 0.0328090000
0.0085650000 -0.0209600000 -0.0166360000
-0.0096850000 0.0259700000 -0.0167190000
-0.0093390000 -0.0296580000 0.0331000000
0.0251770000 -0.0048690000 -0.0029290000
0.0246210000 -0.0366610000 -0.0018350000
0.0258200000 0.0226180000 0.0025630000
0.0051920000 0.0244460000 0.0208820000
-0.0195140000 -0.0037820000 0.0335290000
0.0105320000 0.0108590000 -0.0162490000
-0.0251320000 -0.0375640000 0.0176940000
-0.0159950000 -0.0021750000 -0.0167750000
-0.0088930000 0.0120770000 0.0332550000
-0.0254180000 0.0330380000 0.0182450000
0.0090770000 -0.0378990000 0.0180830000
0.0255290000 -0.0101700000 0.0197950000
0.0180790000 -0.0317930000 0.0328700000
0.0123720000 -0.0376460000 -0.0117430000
0.0002000000 -0.0040520000 -0.0165000000
-0.0250250000 0.0248600000 -0.0030920000
0.0244650000 -0.0153350000 -0.0130240000
-0.0252830000 -0.0104960000 0.0047360000
-0.0133620000 -0.0292580000 -0.0171410000
0.0262990000 0.0356950000 0.0267480000
-0.0260220000 -0.0315870000 -0.0028850000
0.0252060000 -0.0240550000 0.0196710000
-0.0251930000 0.0095180000 0.0199790000
0.0009070000 0.0366280000 0.0253650000
0.0097750000 -0.0179330000 0.0329490000
0.0139190000 0.0367170000 0.0191670000
0.0253090000 0.0091380000 -0.0046100000
0.0122490000 0.0372360000 -0.0058110000
-0.0184180000 0.0232380000 0.0334490000
-0.0254910000 -0.0170080000 0.0197200000
0.0220130000 0.0276110000 -0.0166180000
-0.0017730000 0.0368120000 -0.0169970000
-0.0249880000 0.0058360000 0.0076460000
-0.0130290000 0.0364480000 0.0281270000
-0.0070020000 -0.0004570000 0.0331610000
0.0254340000 0.0026350000 -0.0165220000
0.0246690000 -0.0242210000 -0.0041110000
0.0248290000 -0.0309280000 0.0093300000
0.0014420000 0.0198920000 -0.0164540000
-0.0015740000 -0.0375460000 -0.0042890000
-0.0250220000 0.0215070000 0.0231750000
0.0156360000 0.0245710000 0.0326110000
0.0259190000 0.0183450000 0.0140570000
-0.0249250000 0.0127240000 -0.0024550000
-0.0258380000 -0.0279200000 0.0253870000
0.0217220000 0.0130430000 0.0326920000
-0.0064180000 -0.0204890000 0.0233110000
-0.0049930000 0.0191350000 0.0243900000
0.0254410000 -0.0046750000 0.0089940000
-0.0246780000 0.0057990000 -0.0155090000
-0.0221680000 -0.0381710000 0.0063300000
0.0023160000 -0.0274580000 0.0323350000
-0.0246280000 -0.0098430000 -0.0160340000
-0.0046390000 -0.0380530000 0.0265080000
0.0198610000 0.0367780000 0.0030250000
-0.0135810000 0.0379520000 0.0047740000
-0.0020950000 -0.0256000000 -0.0168850000
-0.0129520000 0.0384550000 -0.0153150000
-0.0021460000 -0.0377450000 0.0071320000
0.0002330000 -0.0058450000 0.0261530000
-0.0158420000 -0.0380850000 0.0252810000
0.0027160000 0.0054180000 0.0299800000
0.0203740000 -0.0069120000 0.0328230000
-0.0188070000 0.0386190000 -0.0059350000
0.0257950000 0.0088260000 0.0198940000
0.0054010000 0.0286860000 0.0327310000
-0.0205450000 0.0279910000 -0.0170420000
0.0168630000 0.0373330000 -0.0157480000
-0.0149320000 -0.0202010000 0.0332690000
-0.0028060000 0.0373980000 0.0054770000
-0.0236700000 -0.0259380000 -0.0170650000
0.0254460000 0.0216060000 -0.0080830000
0.0165280000 -0.0377220000 0.0099280000
-0.0138670000 0.0161830000 -0.0167780000
0.0157580000 0.0042300000 0.0327970000
-0.0255430000 -0.0095540000 0.0271410000
-0.0253560000 0.0020300000 0.0271820000
0.0144350000 0.0204850000 -0.0162650000
0.0062100000 0.0009930000 0.0214160000
0.0011760000 0.0369400000 0.0148760000
0.0066440000 -0.0309840000 -0.0170350000
-0.0107410000 -0.0375250000 -0.0118700000
-0.0252230000 -0.0094840000 -0.0053520000
