-0.0036390000 0.0264350000 0.0318100000
0.0242110000 -0.0371620000 -0.0164280000
-0.0244510000 -0.0385370000 0.0329230000
-0.0242030000 -0.0020360000 -0.0165620000
0.0252930000 0.0357460000 -0.0160900000
0.0242040000 -0.0183060000 0.0326460000
-0.0242450000 0.0385800000 -0.0034680000
-0.0133000000 -0.0377840000 -0.0049380000
0.0253010000 -0.0007810000 -0.0022750000
-0.0252650000 -0.0026160000 0.0216030000
0.0259920000 0.0364280000 0.0181520000
-0.0021730000 0.0203610000 -0.0164800000
0.0124260000 -0.0378080000 0.0119380000
0.0030410000 -0.0152250000 -0.0165490000
0.0041310000 -0.0000200000 0.0207050000
0.0254090000 0.0128970000 0.0323720000
0.0015780000 0.0372450000 0.0054950000
-0.0001580000 -0.0286750000 0.0330020000
-0.0250230000 0.0231500000 0.0173790000
-0.0254550000 -0.0177700000 0.0022450000
0.0258040000 0.0214190000 0.0014610000
0.0252830000 -0.0195820000 0.0102280000
-0.0249000000 0.0163680000 -0.0041060000
-0.0102560000 -0.0379340000 0.0165030000
0.0241720000 -0.0159700000 -0.0169500000
0.0177380000 0.0131190000 -0.0163000000
0.0184640000 -0.0386440000 0.0323680000
-0.0222440000 0.0361270000 0.0334880000
-0.0095880000 -0.0098860000 0.0332920000
0.0034470000 -0.0361200000 -0.0172090000
-0.0167410000 -0.0213420000 -0.0170050000
-0.0185470000 0.0126390000 0.0334870000
