0.0149260000 0.0352790000 0.0327330000
-0.0250010000 -0.0369450000 -0.0165670000
0.0247320000 -0.0338410000 0.0323210000
-0.0242520000 0.0266010000 -0.0164110000
0.0252730000 -0.0032600000 -0.0167070000
-0.0253720000 -0.0057490000 0.0330790000
0.0157960000 0.0371940000 -0.0095400000
-0.0252310000 0.0349510000 0.0238330000
0.0124200000 -0.0376270000 -0.0043010000
0.0257420000 0.0017450000 0.0202710000
-0.0106930000 -0.0380290000 0.0241140000
-0.0096850000 -0.0053920000 -0.0166750000
0.0033750000 -0.0131440000 0.0329230000
-0.0254290000 -0.0173800000 0.0057320000
-0.0059110000 0.0154280000 0.0330960000
-0.0249290000 0.0112260000 0.0080480000
-0.0079770000 0.0376990000 0.0031350000
0.0259110000 0.0264790000 0.0113500000
0.0066510000 0.0142600000 -0.0162900000
0.0251670000 -0.0215350000 0.0102290000
-0.0100310000 -0.0377780000 0.0008720000
0.0086920000 -0.0189430000 -0.0165850000
0.0100560000 -0.0378570000 0.0171590000
-0.0062180000 0.0366990000 0.0331140000
0.0254840000 0.0153820000 -0.0067050000
-0.0036230000 0.0328700000 -0.0169350000
-0.0254410000 -0.0266030000 0.0334480000
0.0148910000 0.0143650000 0.0327930000
0.0039160000 0.0027280000 0.0206070000
-0.0248990000 0.0070210000 -0.0114820000
0.0236150000 -0.0137140000 0.0326830000
0.0089810000 0.0368760000 0.0135060000
-0.0249970000 0.0138820000 0.0277520000
-0.0024860000 -0.0353640000 -0.0171530000
-0.0251670000 -0.0172200000 -0.0143110000
-0.0258260000 -0.0357950000 0.0122740000
-0.0252290000 0.0296980000 0.0031610000
0.0244140000 -0.0296030000 -0.0167290000
0.0252930000 -0.0040670000 0.0022850000
0.0039610000 -0.0315550000 0.0329470000
-0.0107050000 0.0156740000 -0.0166700000
0.0044840000 0.0217900000 0.0207460000
-0.0089500000 -0.0013760000 0.0333090000
-0.0251800000 -0.0035450000 0.0161610000
-0.0057920000 -0.0220860000 0.0219590000
0.0072070000 -0.0023660000 -0.0164400000
0.0240910000 -0.0377100000 0.0074060000
0.0260000000 0.0244410000 0.0273360000
0.0247990000 -0.0181760000 -0.0053580000
-0.0100230000 -0.0213140000 -0.0169060000
0.0135350000 -0.0012870000 0.0328320000
-0.0166330000 0.0386390000 -0.0101570000
-0.0251570000 -0.0027860000 0.0006670000
-0.0259570000 -0.0304370000 -0.0024030000
0.0257370000 0.0112530000 0.0081080000
0.0252870000 0.0271870000 -0.0165210000
-0.0107840000 0.0370480000 0.0181230000
-0.0170180000 0.0259560000 0.0333730000
-0.0142540000 -0.0161530000 0.0333030000
-0.0255780000 -0.0177950000 0.0209190000
0.0257860000 0.0366240000 0.0009910000
-0.0249730000 0.0227590000 0.0163600000
0.0221740000 0.0365290000 0.0206150000
-0.0244890000 -0.0381920000 0.0258220000
0.0110180000 -0.0326660000 -0.0171200000
-0.0030210000 -0.0378390000 0.0125930000
0.0090490000 0.0276460000 -0.0165720000
0.0047380000 0.0373940000 -0.0015990000
-0.0248810000 0.0185180000 -0.0044760000
0.0189540000 0.0086720000 -0.0162990000
