-0.0256700000 -0.0253240000 0.0294540000
0.0253400000 0.0365050000 -0.0156380000
0.0243470000 -0.0365020000 -0.0166930000
-0.0143060000 0.0363810000 0.0330950000
-0.0240090000 0.0081440000 -0.0165460000
0.0255720000 -0.0028070000 0.0283440000
-0.0217590000 -0.0375850000 -0.0150130000
0.0252600000 0.0366700000 0.0241190000
0.0103200000 -0.0379020000 0.0198680000
0.0133660000 0.0000960000 -0.0163680000
-0.0086420000 0.0379400000 -0.0026910000
-0.0251890000 0.0074090000 0.0178500000
-0.0035070000 -0.0060800000 0.0330620000
0.0257300000 0.0146740000 0.0054690000
0.0250950000 -0.0166530000 0.0035160000
-0.0254350000 -0.0158020000 0.0022070000
0.0026240000 0.0180280000 0.0205950000
0.0009330000 -0.0235220000 -0.0167540000
-0.0139220000 -0.0381180000 0.0099220000
-0.0021480000 0.0189290000 -0.0164940000
